<cross-s.>      1.01      1.00400000D-03    232.04    0    3
 2.16173D+04
 1.00268D+04
 1.15905D+04
<cross-s.>      1.01      2.00900000D-03    232.04    0    3
 1.87744D+04
 7.23799D+03
 1.15364D+04
<cross-s.>      1.01      5.02200000D-03    232.04    0    3
 1.62815D+04
 4.87151D+03
 1.14100D+04
<cross-s.>      1.01      1.00400000D-02    232.04    0    3
 1.50317D+04
 3.79194D+03
 1.12398D+04
<cross-s.>      1.01      2.00900000D-02    232.04    0    3
 1.41120D+04
 3.15649D+03
 1.09555D+04
<cross-s.>      1.01      5.02200000D-02    232.04    0    3
 1.30654D+04
 2.79961D+03
 1.02658D+04
<cross-s.>      1.01      1.00430000D-01    232.04    0    3
 1.20992D+04
 2.74666D+03
 9.35259D+03
<cross-s.>      1.01      2.00870000D-01    232.04    0    3
 1.07350D+04
 2.78837D+03
 7.94659D+03
<cross-s.>      1.01      3.01300000D-01    232.04    0    3
 9.70829D+03
 2.83789D+03
 6.87040D+03
<cross-s.>      1.01      4.01740000D-01    232.04    0    3
 8.90163D+03
 2.88568D+03
 6.01595D+03
<cross-s.>      1.01      5.02170000D-01    232.04    0    3
 8.26604D+03
 2.93388D+03
 5.33216D+03
<cross-s.>      1.01      6.02610000D-01    232.04    0    3
 7.76980D+03
 2.98324D+03
 4.78656D+03
<cross-s.>      1.01      7.03040000D-01    232.04    0    3
 7.38923D+03
 3.03424D+03
 4.35499D+03
<cross-s.>      1.01      8.03480000D-01    232.04    0    3
 7.10472D+03
 3.08599D+03
 4.01873D+03
<cross-s.>      1.01      9.03910000D-01    232.04    0    3
 6.89994D+03
 3.13809D+03
 3.76185D+03
<cross-s.>      1.01      1.00435000D+00    232.04    0    3
 6.76135D+03
 3.19055D+03
 3.57080D+03
<cross-s.>      1.01      1.10478000D+00    232.04    0    3
 6.67829D+03
 3.24441D+03
 3.43388D+03
<cross-s.>      1.01      1.20522000D+00    232.04    0    3
 6.64148D+03
 3.29957D+03
 3.34190D+03
<cross-s.>      1.01      1.30565000D+00    232.04    0    3
 6.64325D+03
 3.35583D+03
 3.28741D+03
<cross-s.>      1.01      1.40609000D+00    232.04    0    3
 6.67676D+03
 3.41213D+03
 3.26463D+03
<cross-s.>      1.01      1.50652000D+00    232.04    0    3
 6.73569D+03
 3.46698D+03
 3.26870D+03
<cross-s.>      1.01      1.60696000D+00    232.04    0    3
 6.81381D+03
 3.51836D+03
 3.29545D+03
<cross-s.>      1.01      1.70739000D+00    232.04    0    3
 6.90524D+03
 3.56423D+03
 3.34100D+03
<cross-s.>      1.01      1.80782000D+00    232.04    0    3
 7.00458D+03
 3.60297D+03
 3.40160D+03
<cross-s.>      1.01      1.90826000D+00    232.04    0    3
 7.10712D+03
 3.63363D+03
 3.47349D+03
<cross-s.>      1.01      2.00869000D+00    232.04    0    3
 7.20896D+03
 3.65544D+03
 3.55353D+03
<cross-s.>      1.01      2.20956000D+00    232.04    0    3
 7.40016D+03
 3.67487D+03
 3.72529D+03
<cross-s.>      1.01      2.41043000D+00    232.04    0    3
 7.56533D+03
 3.66898D+03
 3.89635D+03
<cross-s.>      1.01      2.61130000D+00    232.04    0    3
 7.70122D+03
 3.64753D+03
 4.05369D+03
<cross-s.>      1.01      2.81217000D+00    232.04    0    3
 7.80905D+03
 3.61874D+03
 4.19031D+03
<cross-s.>      1.01      3.01304000D+00    232.04    0    3
 7.91883D+03
 3.65770D+03
 4.26113D+03
<cross-s.>      1.01      3.21391000D+00    232.04    0    3
 7.99374D+03
 3.62917D+03
 4.36457D+03
<cross-s.>      1.01      3.41478000D+00    232.04    0    3
 8.04031D+03
 3.59859D+03
 4.44172D+03
<cross-s.>      1.01      3.61565000D+00    232.04    0    3
 8.06041D+03
 3.56706D+03
 4.49334D+03
<cross-s.>      1.01      3.81652000D+00    232.04    0    3
 8.05571D+03
 3.53495D+03
 4.52076D+03
<cross-s.>      1.01      4.01739000D+00    232.04    0    3
 8.02800D+03
 3.50220D+03
 4.52580D+03
<cross-s.>      1.01      4.51956000D+00    232.04    0    3
 7.87250D+03
 3.41814D+03
 4.45436D+03
<cross-s.>      1.01      5.02174000D+00    232.04    0    3
 7.63086D+03
 3.34106D+03
 4.28980D+03
<cross-s.>      1.01      5.52391000D+00    232.04    0    3
 7.35224D+03
 3.28567D+03
 4.06658D+03
<cross-s.>      1.01      6.02608000D+00    232.04    0    3
 7.07231D+03
 3.25632D+03
 3.81599D+03
<cross-s.>      1.01      6.52826000D+00    232.04    0    3
 6.81078D+03
 3.24743D+03
 3.56335D+03
<cross-s.>      1.01      7.03043000D+00    232.04    0    3
 6.57664D+03
 3.24971D+03
 3.32692D+03
<cross-s.>      1.01      7.53260000D+00    232.04    0    3
 6.37210D+03
 3.25437D+03
 3.11773D+03
<cross-s.>      1.01      8.03478000D+00    232.04    0    3
 6.19637D+03
 3.25535D+03
 2.94102D+03
<cross-s.>      1.01      8.53695000D+00    232.04    0    3
 6.04755D+03
 3.25014D+03
 2.79742D+03
<cross-s.>      1.01      9.03912000D+00    232.04    0    3
 5.92500D+03
 3.23921D+03
 2.68579D+03
<cross-s.>      1.01      9.54130000D+00    232.04    0    3
 5.82777D+03
 3.22443D+03
 2.60334D+03
<cross-s.>      1.01      1.00434700D+01    232.04    0    3
 5.75525D+03
 3.20792D+03
 2.54733D+03
<cross-s.>      1.01      1.05456400D+01    232.04    0    3
 5.70602D+03
 3.19121D+03
 2.51481D+03
<cross-s.>      1.01      1.10478200D+01    232.04    0    3
 5.67801D+03
 3.17515D+03
 2.50286D+03
<cross-s.>      1.01      1.15499900D+01    232.04    0    3
 5.66858D+03
 3.16005D+03
 2.50853D+03
<cross-s.>      1.01      1.20521600D+01    232.04    0    3
 5.67480D+03
 3.14588D+03
 2.52892D+03
<cross-s.>      1.01      1.25543400D+01    232.04    0    3
 5.69367D+03
 3.13244D+03
 2.56123D+03
<cross-s.>      1.01      1.30565100D+01    232.04    0    3
 5.72234D+03
 3.11955D+03
 2.60279D+03
<cross-s.>      1.01      1.35586800D+01    232.04    0    3
 5.75804D+03
 3.10707D+03
 2.65097D+03
<cross-s.>      1.01      1.40608600D+01    232.04    0    3
 5.79862D+03
 3.09497D+03
 2.70365D+03
<cross-s.>      1.01      1.45630300D+01    232.04    0    3
 5.84194D+03
 3.08325D+03
 2.75869D+03
<cross-s.>      1.01      1.50652000D+01    232.04    0    3
 5.88629D+03
 3.07197D+03
 2.81432D+03
<cross-s.>      1.01      1.55673800D+01    232.04    0    3
 5.93031D+03
 3.06118D+03
 2.86913D+03
<cross-s.>      1.01      1.60695500D+01    232.04    0    3
 5.97278D+03
 3.05091D+03
 2.92187D+03
<cross-s.>      1.01      1.65717300D+01    232.04    0    3
 6.01263D+03
 3.04119D+03
 2.97145D+03
<cross-s.>      1.01      1.70739000D+01    232.04    0    3
 6.04913D+03
 3.03202D+03
 3.01711D+03
<cross-s.>      1.01      1.75760700D+01    232.04    0    3
 6.08159D+03
 3.02341D+03
 3.05818D+03
<cross-s.>      1.01      1.80782500D+01    232.04    0    3
 6.10965D+03
 3.01534D+03
 3.09431D+03
<cross-s.>      1.01      1.85804200D+01    232.04    0    3
 6.13276D+03
 3.00778D+03
 3.12498D+03
<cross-s.>      1.01      1.90825900D+01    232.04    0    3
 6.15086D+03
 3.00067D+03
 3.15019D+03
<cross-s.>      1.01      1.95847700D+01    232.04    0    3
 6.16370D+03
 2.99400D+03
 3.16970D+03
<cross-s.>      1.01      2.00869400D+01    232.04    0    3
 6.17124D+03
 2.98767D+03
 3.18356D+03
<cross-s.>      1.01      4.01740000D-01    232.04   89    1
 5.40189D-45
<cross-s.>      1.01      5.02170000D-01    232.04   89    1
 1.04919D-38
<cross-s.>      1.01      6.02600000D-01    232.04   89    1
 4.49905D-34
<cross-s.>      1.01      7.03040000D-01    232.04   89    1
 1.76439D-30
<cross-s.>      1.01      8.03470000D-01    232.04   89    1
 3.90439D-27
<cross-s.>      1.01      9.03910000D-01    232.04   89    1
 9.62691D-25
<cross-s.>      1.01      1.00434000D+00    232.04   89    1
 1.00607D-22
<cross-s.>      1.01      1.10478000D+00    232.04   89    1
 5.45707D-21
<cross-s.>      1.01      1.20521000D+00    232.04   89    1
 1.76608D-19
<cross-s.>      1.01      1.30564000D+00    232.04   89    1
 3.77627D-18
<cross-s.>      1.01      1.40608000D+00    232.04   89    1
 5.75527D-17
<cross-s.>      1.01      1.50651000D+00    232.04   89    1
 6.61944D-16
<cross-s.>      1.01      1.60695000D+00    232.04   89    1
 6.01150D-15
<cross-s.>      1.01      1.70738000D+00    232.04   89    1
 4.46408D-14
<cross-s.>      1.01      1.80781000D+00    232.04   89    1
 2.78928D-13
<cross-s.>      1.01      1.90825000D+00    232.04   89    1
 1.50090D-12
<cross-s.>      1.01      2.00868000D+00    232.04   89    1
 7.08601D-12
<cross-s.>      1.01      2.20955000D+00    232.04   89    1
 1.13398D-10
<cross-s.>      1.01      2.41042000D+00    232.04   89    1
 1.26127D-09
<cross-s.>      1.01      2.61129000D+00    232.04   89    1
 1.04696D-08
<cross-s.>      1.01      2.81216000D+00    232.04   89    1
 6.83860D-08
<cross-s.>      1.01      3.01302000D+00    232.04   89    1
 3.65922D-07
<cross-s.>      1.01      3.21389000D+00    232.04   89    1
 1.65521D-06
<cross-s.>      1.01      3.41476000D+00    232.04   89    1
 6.48738D-06
<cross-s.>      1.01      3.61563000D+00    232.04   89    1
 2.24725D-05
<cross-s.>      1.01      3.81650000D+00    232.04   89    1
 6.99213D-05
<cross-s.>      1.01      4.01736000D+00    232.04   89    1
 1.98011D-04
<cross-s.>      1.01      4.51953000D+00    232.04   89    1
 1.89621D-03
<cross-s.>      1.01      5.02171000D+00    232.04   89    1
 1.22673D-02
<cross-s.>      1.01      5.52388000D+00    232.04   89    1
 5.86268D-02
<cross-s.>      1.01      6.02605000D+00    232.04   89    1
 2.20648D-01
<cross-s.>      1.01      6.52822000D+00    232.04   89    1
 6.85795D-01
<cross-s.>      1.01      7.03039000D+00    232.04   89    1
 1.82546D+00
<cross-s.>      1.01      7.53256000D+00    232.04   89    1
 4.28079D+00
<cross-s.>      1.01      8.03473000D+00    232.04   89    1
 9.04094D+00
<cross-s.>      1.01      8.53690000D+00    232.04   89    1
 1.74931D+01
<cross-s.>      1.01      9.03907000D+00    232.04   89    1
 3.14129D+01
<cross-s.>      1.01      9.54124000D+00    232.04   89    1
 5.28474D+01
<cross-s.>      1.01      1.00434100D+01    232.04   89    1
 8.38280D+01
<cross-s.>      1.01      1.05455800D+01    232.04   89    1
 1.25880D+02
<cross-s.>      1.01      1.10477500D+01    232.04   89    1
 1.79425D+02
<cross-s.>      1.01      1.15499200D+01    232.04   89    1
 2.43362D+02
<cross-s.>      1.01      1.20520900D+01    232.04   89    1
 3.15129D+02
<cross-s.>      1.01      1.25542600D+01    232.04   89    1
 3.91321D+02
<cross-s.>      1.01      1.30564300D+01    232.04   89    1
 4.68584D+02
<cross-s.>      1.01      1.35586000D+01    232.04   89    1
 5.44383D+02
<cross-s.>      1.01      1.40607700D+01    232.04   89    1
 6.17325D+02
<cross-s.>      1.01      1.45629400D+01    232.04   89    1
 6.87022D+02
<cross-s.>      1.01      1.50651100D+01    232.04   89    1
 7.53689D+02
<cross-s.>      1.01      1.55672800D+01    232.04   89    1
 8.17753D+02
<cross-s.>      1.01      1.60694500D+01    232.04   89    1
 8.79606D+02
<cross-s.>      1.01      1.65716200D+01    232.04   89    1
 9.39505D+02
<cross-s.>      1.01      1.70738000D+01    232.04   89    1
 9.97557D+02
<cross-s.>      2.01      4.03490000D-01    231.04   89    1
 8.32299D-64
<cross-s.>      2.01      5.04360000D-01    231.04   89    1
 6.29983D-55
<cross-s.>      2.01      6.05230000D-01    231.04   89    1
 1.95803D-48
<cross-s.>      2.01      7.06100000D-01    231.04   89    1
 2.27640D-43
<cross-s.>      2.01      8.06970000D-01    231.04   89    1
 2.68402D-39
<cross-s.>      2.01      9.07840000D-01    231.04   89    1
 6.18978D-36
<cross-s.>      2.01      1.00872000D+00    231.04   89    1
 4.25251D-33
<cross-s.>      2.01      1.10959000D+00    231.04   89    1
 5.26560D-30
<cross-s.>      2.01      1.21046000D+00    231.04   89    1
 6.90088D-28
<cross-s.>      2.01      1.31133000D+00    231.04   89    1
 5.01627D-26
<cross-s.>      2.01      1.41220000D+00    231.04   89    1
 2.25811D-24
<cross-s.>      2.01      1.51307000D+00    231.04   89    1
 6.83073D-23
<cross-s.>      2.01      1.61394000D+00    231.04   89    1
 1.47951D-21
<cross-s.>      2.01      1.71482000D+00    231.04   89    1
 2.41328D-20
<cross-s.>      2.01      1.81569000D+00    231.04   89    1
 3.08450D-19
<cross-s.>      2.01      1.91656000D+00    231.04   89    1
 3.19297D-18
<cross-s.>      2.01      2.01743000D+00    231.04   89    1
 2.74998D-17
<cross-s.>      2.01      2.21917000D+00    231.04   89    1
 1.28010D-15
<cross-s.>      2.01      2.42092000D+00    231.04   89    1
 3.57855D-14
<cross-s.>      2.01      2.62266000D+00    231.04   89    1
 6.64585D-13
<cross-s.>      2.01      2.82440000D+00    231.04   89    1
 8.84267D-12
<cross-s.>      2.01      3.02615000D+00    231.04   89    1
 8.92856D-11
<cross-s.>      2.01      3.22789000D+00    231.04   89    1
 7.15151D-10
<cross-s.>      2.01      3.42963000D+00    231.04   89    1
 4.70720D-09
<cross-s.>      2.01      3.63138000D+00    231.04   89    1
 2.61903D-08
<cross-s.>      2.01      3.83312000D+00    231.04   89    1
 1.26002D-07
<cross-s.>      2.01      4.03486000D+00    231.04   89    1
 5.34124D-07
<cross-s.>      2.01      4.53922000D+00    231.04   89    1
 1.24957D-05
<cross-s.>      2.01      5.04358000D+00    231.04   89    1
 1.73771D-04
<cross-s.>      2.01      5.54793000D+00    231.04   89    1
 1.61986D-03
<cross-s.>      2.01      6.05229000D+00    231.04   89    1
 1.09865D-02
<cross-s.>      2.01      6.55665000D+00    231.04   89    1
 5.74514D-02
<cross-s.>      2.01      7.06101000D+00    231.04   89    1
 2.41691D-01
<cross-s.>      2.01      7.56536000D+00    231.04   89    1
 8.44956D-01
<cross-s.>      2.01      8.06972000D+00    231.04   89    1
 2.51922D+00
<cross-s.>      2.01      8.57408000D+00    231.04   89    1
 6.54263D+00
<cross-s.>      2.01      9.07844000D+00    231.04   89    1
 1.50643D+01
<cross-s.>      2.01      9.58280000D+00    231.04   89    1
 3.12000D+01
<cross-s.>      2.01      1.00871500D+01    231.04   89    1
 5.87888D+01
<cross-s.>      2.01      1.05915100D+01    231.04   89    1
 1.01582D+02
<cross-s.>      2.01      1.10958700D+01    231.04   89    1
 1.61753D+02
<cross-s.>      2.01      1.16002300D+01    231.04   89    1
 2.38315D+02
<cross-s.>      2.01      1.21045800D+01    231.04   89    1
 3.26959D+02
<cross-s.>      2.01      1.26089400D+01    231.04   89    1
 4.21839D+02
<cross-s.>      2.01      1.31133000D+01    231.04   89    1
 5.17871D+02
<cross-s.>      2.01      1.36176600D+01    231.04   89    1
 6.11760D+02
<cross-s.>      2.01      1.41220100D+01    231.04   89    1
 7.01840D+02
<cross-s.>      2.01      1.46263700D+01    231.04   89    1
 7.87626D+02
<cross-s.>      2.01      1.51307300D+01    231.04   89    1
 8.69243D+02
<cross-s.>      3.02      4.05240000D-01    230.04   89    1
 1.76035D-47
<cross-s.>      3.02      5.06560000D-01    230.04   89    1
 1.97908D-66
<cross-s.>      3.02      6.07870000D-01    230.04   89    1
 1.83656D-58
<cross-s.>      3.02      7.09180000D-01    230.04   89    1
 2.71363D-52
<cross-s.>      3.02      8.10490000D-01    230.04   89    1
 2.20993D-47
<cross-s.>      3.02      9.11800000D-01    230.04   89    1
 2.70514D-43
<cross-s.>      3.02      1.01311000D+00    230.04   89    1
 7.52662D-40
<cross-s.>      3.02      1.11442000D+00    230.04   89    1
 6.72873D-37
<cross-s.>      3.02      1.21573000D+00    230.04   89    1
 2.46378D-34
<cross-s.>      3.02      1.31704000D+00    230.04   89    1
 2.51493D-31
<cross-s.>      3.02      1.41836000D+00    230.04   89    1
 2.52220D-29
<cross-s.>      3.02      1.51967000D+00    230.04   89    1
 1.54736D-27
<cross-s.>      3.02      1.62098000D+00    230.04   89    1
 6.31139D-26
<cross-s.>      3.02      1.72229000D+00    230.04   89    1
 1.82017D-24
<cross-s.>      3.02      1.82360000D+00    230.04   89    1
 3.89878D-23
<cross-s.>      3.02      1.92491000D+00    230.04   89    1
 6.45644D-22
<cross-s.>      3.02      2.02622000D+00    230.04   89    1
 8.54307D-21
<cross-s.>      3.02      2.22884000D+00    230.04   89    1
 8.47615D-19
<cross-s.>      3.02      2.43147000D+00    230.04   89    1
 4.51969D-17
<cross-s.>      3.02      2.63409000D+00    230.04   89    1
 1.46567D-15
<cross-s.>      3.02      2.83671000D+00    230.04   89    1
 3.17071D-14
<cross-s.>      3.02      3.03933000D+00    230.04   89    1
 4.90891D-13
<cross-s.>      3.02      3.24196000D+00    230.04   89    1
 5.74467D-12
<cross-s.>      3.02      3.44458000D+00    230.04   89    1
 5.30379D-11
<cross-s.>      3.02      3.64720000D+00    230.04   89    1
 4.00092D-10
<cross-s.>      3.02      3.84982000D+00    230.04   89    1
 2.53379D-09
<cross-s.>      3.02      4.05245000D+00    230.04   89    1
 1.37906D-08
<cross-s.>      3.02      4.55900000D+00    230.04   89    1
 5.51977D-07
<cross-s.>      3.02      5.06556000D+00    230.04   89    1
 1.19633D-05
<cross-s.>      3.02      5.57211000D+00    230.04   89    1
 1.62954D-04
<cross-s.>      3.02      6.07867000D+00    230.04   89    1
 1.54640D-03
<cross-s.>      3.02      6.58522000D+00    230.04   89    1
 1.09947D-02
<cross-s.>      3.02      7.09178000D+00    230.04   89    1
 6.16965D-02
<cross-s.>      3.02      7.59833000D+00    230.04   89    1
 2.83538D-01
<cross-s.>      3.02      8.10489000D+00    230.04   89    1
 1.09521D+00
<cross-s.>      3.02      8.61145000D+00    230.04   89    1
 3.61479D+00
<cross-s.>      3.02      9.11800000D+00    230.04   89    1
 1.03140D+01
<cross-s.>      3.02      9.62456000D+00    230.04   89    1
 2.55433D+01
<cross-s.>      3.02      1.01311100D+01    230.04   89    1
 5.51085D+01
<cross-s.>      3.02      1.06376700D+01    230.04   89    1
 1.04337D+02
<cross-s.>      3.02      1.11442200D+01    230.04   89    1
 1.75494D+02
<cross-s.>      3.02      1.16507800D+01    230.04   89    1
 2.66238D+02
<cross-s.>      3.02      1.21573300D+01    230.04   89    1
 3.70430D+02
<cross-s.>      3.02      1.26638900D+01    230.04   89    1
 4.80881D+02
<cross-s.>      3.02      1.31704500D+01    230.04   89    1
 5.91581D+02
<cross-s.>      3.02      1.36770000D+01    230.04   89    1
 6.98656D+02
<cross-s.>      3.02      1.41835600D+01    230.04   89    1
 8.00012D+02
<cross-s.>      3.02      1.46901100D+01    230.04   89    1
 8.94550D+02
<cross-s.>      3.02      1.51966700D+01    230.04   89    1
 9.82269D+02
<cross-s.>      3.02      8.10490000D-01    230.04  176    1
 1.90263D-44
<cross-s.>      3.02      9.11800000D-01    230.04  176    1
 2.75907D-66
<cross-s.>      3.02      1.01311000D+00    230.04  176    1
 2.32868D-59
<cross-s.>      3.02      1.11442000D+00    230.04  176    1
 2.05661D-53
<cross-s.>      3.02      1.21573000D+00    230.04  176    1
 3.07500D-48
<cross-s.>      3.02      1.31704000D+00    230.04  176    1
 1.10337D-43
<cross-s.>      3.02      1.41836000D+00    230.04  176    1
 2.09650D-69
<cross-s.>      3.02      1.51967000D+00    230.04  176    1
 8.88612D-66
<cross-s.>      3.02      1.62098000D+00    230.04  176    1
 1.66734D-62
<cross-s.>      3.02      1.72229000D+00    230.04  176    1
 1.56439D-59
<cross-s.>      3.02      1.82360000D+00    230.04  176    1
 8.08797D-57
<cross-s.>      3.02      1.92491000D+00    230.04  176    1
 2.49793D-54
<cross-s.>      3.02      2.02622000D+00    230.04  176    1
 4.91727D-52
<cross-s.>      3.02      2.22884000D+00    230.04  176    1
 6.07751D-48
<cross-s.>      3.02      2.43147000D+00    230.04  176    1
 2.14559D-44
<cross-s.>      3.02      2.63409000D+00    230.04  176    1
 2.76540D-41
<cross-s.>      3.02      2.83671000D+00    230.04  176    1
 1.41521D-38
<cross-s.>      3.02      3.03933000D+00    230.04  176    1
 4.03908D-36
<cross-s.>      3.02      3.24196000D+00    230.04  176    1
 5.05393D-33
<cross-s.>      3.02      3.44458000D+00    230.04  176    1
 5.90131D-31
<cross-s.>      3.02      3.64720000D+00    230.04  176    1
 3.85562D-29
<cross-s.>      3.02      3.84982000D+00    230.04  176    1
 1.74959D-27
<cross-s.>      3.02      4.05244000D+00    230.04  176    1
 5.77767D-26
<cross-s.>      3.02      4.55900000D+00    230.04  176    1
 1.14240D-22
<cross-s.>      3.02      5.06556000D+00    230.04  176    1
 6.10292D-20
<cross-s.>      3.02      5.57211000D+00    230.04  176    1
 1.19653D-17
<cross-s.>      3.02      6.07867000D+00    230.04  176    1
 1.06867D-15
<cross-s.>      3.02      6.58522000D+00    230.04  176    1
 5.08863D-14
<cross-s.>      3.02      7.09178000D+00    230.04  176    1
 1.45420D-12
<cross-s.>      3.02      7.59833000D+00    230.04  176    1
 2.73172D-11
<cross-s.>      3.02      8.10489000D+00    230.04  176    1
 3.62436D-10
<cross-s.>      3.02      8.61144000D+00    230.04  176    1
 3.59664D-09
<cross-s.>      3.02      9.11800000D+00    230.04  176    1
 2.79680D-08
<cross-s.>      3.02      9.62455000D+00    230.04  176    1
 1.76988D-07
<cross-s.>      3.02      1.01311100D+01    230.04  176    1
 9.40213D-07
<cross-s.>      3.02      1.06376700D+01    230.04  176    1
 4.30011D-06
<cross-s.>      3.02      1.11442200D+01    230.04  176    1
 1.72854D-05
<cross-s.>      3.02      1.16507800D+01    230.04  176    1
 6.21202D-05
<cross-s.>      3.02      1.21573300D+01    230.04  176    1
 2.02407D-04
<cross-s.>      3.02      1.26638900D+01    230.04  176    1
 6.05050D-04
<cross-s.>      3.02      1.31704400D+01    230.04  176    1
 1.67596D-03
<cross-s.>      3.02      1.36770000D+01    230.04  176    1
 4.33914D-03
<cross-s.>      3.02      1.41835500D+01    230.04  176    1
 1.05792D-02
<cross-s.>      4.00      8.13980000D-01    229.03  176    1
 8.30648D-65
<cross-s.>      4.00      9.15730000D-01    229.03  176    1
 7.18288D-56
<cross-s.>      4.00      1.01748000D+00    229.03  176    1
 1.45423D-47
<cross-s.>      4.00      1.11922000D+00    229.03  176    1
 1.19275D-70
<cross-s.>      4.00      1.22097000D+00    229.03  176    1
 3.72652D-65
<cross-s.>      4.00      1.32272000D+00    229.03  176    1
 1.17201D-59
<cross-s.>      4.00      1.42447000D+00    229.03  176    1
 6.31278D-55
<cross-s.>      4.00      1.52621000D+00    229.03  176    1
 1.07207D-50
<cross-s.>      4.00      1.62796000D+00    229.03  176    1
 7.26789D-47
<cross-s.>      4.00      1.72971000D+00    229.03  176    1
 3.91568D-43
<cross-s.>      4.00      1.83146000D+00    229.03  176    1
 6.07678D-70
<cross-s.>      4.00      1.93320000D+00    229.03  176    1
 3.84021D-67
<cross-s.>      4.00      2.03495000D+00    229.03  176    1
 1.28556D-64
<cross-s.>      4.00      2.23845000D+00    229.03  176    1
 1.12204D-59
<cross-s.>      4.00      2.44194000D+00    229.03  176    1
 1.27267D-55
<cross-s.>      4.00      2.64544000D+00    229.03  176    1
 4.23776D-52
<cross-s.>      4.00      2.84893000D+00    229.03  176    1
 9.92901D-49
<cross-s.>      4.00      3.05243000D+00    229.03  176    1
 5.66130D-46
<cross-s.>      4.00      3.25592000D+00    229.03  176    1
 1.49844D-43
<cross-s.>      4.00      3.45942000D+00    229.03  176    1
 2.75676D-41
<cross-s.>      4.00      3.66291000D+00    229.03  176    1
 5.48519D-39
<cross-s.>      4.00      3.86641000D+00    229.03  176    1
 3.41796D-37
<cross-s.>      4.00      4.06990000D+00    229.03  176    1
 9.87129D-35
<cross-s.>      4.00      4.57864000D+00    229.03  176    1
 6.70850D-31
<cross-s.>      4.00      5.08738000D+00    229.03  176    1
 1.07705D-27
<cross-s.>      4.00      5.59612000D+00    229.03  176    1
 4.58668D-25
<cross-s.>      4.00      6.10486000D+00    229.03  176    1
 9.32550D-23
<cross-s.>      4.00      6.61359000D+00    229.03  176    1
 1.03548D-20
<cross-s.>      4.00      7.12233000D+00    229.03  176    1
 6.63585D-19
<cross-s.>      4.00      7.63107000D+00    229.03  176    1
 3.12402D-17
<cross-s.>      4.00      8.13981000D+00    229.03  176    1
 1.03060D-15
<cross-s.>      4.00      8.64855000D+00    229.03  176    1
 2.59089D-14
<cross-s.>      4.00      9.15728000D+00    229.03  176    1
 5.11873D-13
<cross-s.>      4.00      9.66602000D+00    229.03  176    1
 8.07130D-12
<cross-s.>      4.00      1.01747600D+01    229.03  176    1
 1.09095D-10
<cross-s.>      4.00      1.06835000D+01    229.03  176    1
 1.20421D-09
<cross-s.>      4.00      1.11922300D+01    229.03  176    1
 1.08686D-08
<cross-s.>      4.00      1.17009700D+01    229.03  176    1
 7.39555D-08
<cross-s.>      4.00      1.22097100D+01    229.03  176    1
 3.86321D-07
<cross-s.>      4.00      1.27184500D+01    229.03  176    1
 1.75247D-06
<cross-s.>      4.00      1.32271900D+01    229.03  176    1
 7.45676D-06
<cross-s.>      4.00      1.37359300D+01    229.03  176    1
 3.75622D-05
<cross-s.>      4.00      1.42446600D+01    229.03  176    1
 1.75008D-04
<cross-s.>      4.00      1.47534000D+01    229.03  176    1
 7.06700D-04
<cross-s.>      4.00      1.52621400D+01    229.03  176    1
 2.57746D-03
<cross-s.>      4.00      1.57708800D+01    229.03  176    1
 8.64016D-03
<cross-s.>      4.00      1.62796200D+01    229.03  176    1
 2.68807D-02
<cross-s.>      4.00      1.67883500D+01    229.03  176    1
 7.81034D-02
<cross-s.>      4.00      1.72970900D+01    229.03  176    1
 2.13210D-01
<cross-s.>      4.00      1.78058300D+01    229.03  176    1
 5.49397D-01
<cross-s.>      4.00      1.83145700D+01    229.03  176    1
 1.34218D+00
<cross-s.>      4.00      1.88233100D+01    229.03  176    1
 3.06603D+00
<cross-s.>      4.00      1.93320400D+01    229.03  176    1
 6.56309D+00
<cross-s.>      4.00      1.98407800D+01    229.03  176    1
 1.33253D+01
<cross-s.>      4.00      2.03495200D+01    229.03  176    1
 2.55885D+01
<cross-s.>      4.00      2.13669900D+01    229.03  176    1
 7.68128D+01
<cross-s.>      4.00      2.23844700D+01    229.03  176    1
 1.68195D+02
<cross-s.>      4.00      2.34019500D+01    229.03  176    1
 2.92453D+02
<cross-s.>      4.00      2.44194200D+01    229.03  176    1
 4.29994D+02
<cross-s.>      4.00      2.54369000D+01    229.03  176    1
 5.53544D+02
<cross-s.>      4.00      2.64543700D+01    229.03  176    1
 6.56222D+02
<cross-s.>      4.00      2.74718500D+01    229.03  176    1
 7.77353D+02
<cross-s.>      4.00      2.84893300D+01    229.03  176    1
 8.90849D+02
<cross-s.>      4.00      2.95068000D+01    229.03  176    1
 9.96876D+02
