<ine.c.s.>      1.01      1.00000000D-06    232.04    0    4            
0.d0          1                                                         
0.d0          2                                                         
0.d0          3                                                         
0.d0          4                                                         
<ine.c.s.>      1.01      1.00000000D-05    232.04    0    4            
0.d0          1                                                         
0.d0          2                                                         
0.d0          3                                                         
0.d0          4                                                         
<ine.c.s.>      1.01      1.00000000D-04    232.04    0    4            
0.d0          1                                                         
0.d0          2                                                         
0.d0          3                                                         
0.d0          4                                                         
<ine.c.s.>      1.01      1.00000000D-03    232.04    0    4            
0.d0          1                                                         
0.d0          2                                                         
0.d0          3                                                         
0.d0          4                                                         
<ine.c.s.>      1.01      2.00000000D-03    232.04    0    4            
0.d0          1                                                         
0.d0          2                                                         
0.d0          3                                                         
0.d0          4                                                         
<ine.c.s.>      1.01      5.00000000D-03    232.04    0    4            
0.d0          1                                                         
0.d0          2                                                         
0.d0          3                                                         
0.d0          4                                                         
<ine.c.s.>      1.01      1.00000000D-02    232.04    0    4            
0.d0          1                                                         
0.d0          2                                                         
0.d0          3                                                         
0.d0          4                                                         
<ine.c.s.>      1.01      2.00000000D-02    232.04    0    4            
0.d0          1                                                         
0.d0          2                                                         
0.d0          3                                                         
0.d0          4                                                         
<ine.c.s.>      1.01      5.00000000D-02    232.04    0    4            
 6.96251D-02  1                                                         
0.d0          2                                                         
0.d0          3                                                         
0.d0          4                                                         
<ine.c.s.>      1.01      1.00000000D-01    232.04    0    4            
 2.95030D+01  1                                                         
0.d0          2                                                         
0.d0          3                                                         
0.d0          4                                                         
<ine.c.s.>      1.01      2.00000000D-01    232.04    0    4            
 1.15681D+02  1                                                         
 6.52685D-02  2                                                         
0.d0          3                                                         
0.d0          4                                                         
<ine.c.s.>      1.01      4.00000000D-01    232.04    0    4            
 2.25349D+02  1                                                         
 4.19327D+00  2                                                         
 3.01013D-04  3                                                         
0.d0          4                                                         
<ine.c.s.>      1.01      6.00000000D-01    232.04    0    4            
 2.72152D+02  1                                                         
 1.78240D+01  2                                                         
 3.60558D-02  3                                                         
 2.12365D-07  4                                                         
<ine.c.s.>      1.01      8.00000000D-01    232.04    0    4            
 2.98157D+02  1                                                         
 3.81176D+01  2                                                         
 3.39485D-01  3                                                         
 2.34374D-04  4                                                         
<ine.c.s.>      1.01      1.00000000D+00    232.04    0    4            
 3.19715D+02  1                                                         
 5.85814D+01  2                                                         
 1.37612D+00  3                                                         
 3.86640D-03  4                                                         
<ine.c.s.>      1.01      1.20000000D+00    232.04    0    4            
 3.40427D+02  1                                                         
 7.51402D+01  2                                                         
 3.56140D+00  3                                                         
 2.30134D-02  4                                                         
<ine.c.s.>      1.01      1.40000000D+00    232.04    0    4            
 3.58889D+02  1                                                         
 8.70171D+01  2                                                         
 6.94776D+00  3                                                         
 8.13680D-02  4                                                         
<ine.c.s.>      1.01      1.60000000D+00    232.04    0    4            
 3.73366D+02  1                                                         
 9.47836D+01  2                                                         
 1.11805D+01  3                                                         
 2.08249D-01  4                                                         
<ine.c.s.>      1.01      1.80000000D+00    232.04    0    4            
 3.83114D+02  1                                                         
 9.89023D+01  2                                                         
 1.56797D+01  3                                                         
 4.28903D-01  4                                                         
<ine.c.s.>      1.01      2.00000000D+00    232.04    0    4            
 3.87872D+02  1                                                         
 9.97009D+01  2                                                         
 1.98918D+01  3                                                         
 7.58453D-01  4                                                         
<ine.c.s.>      1.01      2.20000000D+00    232.04    0    4            
 3.87777D+02  1                                                         
 9.77826D+01  2                                                         
 2.34530D+01  3                                                         
 1.19983D+00  4                                                         
<ine.c.s.>      1.01      2.40000000D+00    232.04    0    4            
 3.83562D+02  1                                                         
 9.40619D+01  2                                                         
 2.62337D+01  3                                                         
 1.74240D+00  4                                                         
<ine.c.s.>      1.01      2.60000000D+00    232.04    0    4            
 3.76407D+02  1                                                         
 8.95359D+01  2                                                         
 2.82163D+01  3                                                         
 2.35744D+00  4                                                         
<ine.c.s.>      1.01      2.80000000D+00    232.04    0    4            
 3.67641D+02  1                                                         
 8.50206D+01  2                                                         
 2.94449D+01  3                                                         
 3.00020D+00  4                                                         
<ine.c.s.>      1.01      3.00000000D+00    232.04    0    4            
 3.58246D+02  1                                                         
 8.09761D+01  2                                                         
 2.99833D+01  3                                                         
 3.61602D+00  4                                                         
<ine.c.s.>      1.01      3.50000000D+00    232.04    0    4            
 3.53116D+02  1                                                         
 8.32921D+01  2                                                         
 3.20737D+01  3                                                         
 5.37834D+00  4                                                         
<ine.c.s.>      1.01      4.00000000D+00    232.04    0    4            
 3.30199D+02  1                                                         
 7.81877D+01  2                                                         
 2.87973D+01  3                                                         
 5.81664D+00  4                                                         
<ine.c.s.>      1.01      4.50000000D+00    232.04    0    4            
 3.07568D+02  1                                                         
 7.32567D+01  2                                                         
 2.53233D+01  3                                                         
 5.64860D+00  4                                                         
<ine.c.s.>      1.01      5.00000000D+00    232.04    0    4            
 2.87702D+02  1                                                         
 6.90012D+01  2                                                         
 2.24922D+01  3                                                         
 5.33055D+00  4                                                         
<ine.c.s.>      1.01      5.50000000D+00    232.04    0    4            
 2.72456D+02  1                                                         
 6.57542D+01  2                                                         
 2.04493D+01  3                                                         
 5.09156D+00  4                                                         
<ine.c.s.>      1.01      6.00000000D+00    232.04    0    4            
 2.61895D+02  1                                                         
 6.33470D+01  2                                                         
 1.90190D+01  3                                                         
 4.92584D+00  4                                                         
<ine.c.s.>      1.01      6.50000000D+00    232.04    0    4            
 2.54869D+02  1                                                         
 6.13790D+01  2                                                         
 1.79699D+01  3                                                         
 4.74807D+00  4                                                         
<ine.c.s.>      1.01      7.00000000D+00    232.04    0    4            
 2.49594D+02  1                                                         
 5.94359D+01  2                                                         
 1.70961D+01  3                                                         
 4.49252D+00  4                                                         
<ine.c.s.>      1.01      7.50000000D+00    232.04    0    4            
 2.44563D+02  1                                                         
 5.72976D+01  2                                                         
 1.62700D+01  3                                                         
 4.14965D+00  4                                                         
<ine.c.s.>      1.01      8.00000000D+00    232.04    0    4            
 2.38788D+02  1                                                         
 5.49358D+01  2                                                         
 1.54250D+01  3                                                         
 3.75025D+00  4                                                         
<ine.c.s.>      1.01      8.50000000D+00    232.04    0    4            
 2.31952D+02  1                                                         
 5.24563D+01  2                                                         
 1.45442D+01  3                                                         
 3.34030D+00  4                                                         
<ine.c.s.>      1.01      9.00000000D+00    232.04    0    4            
 2.24242D+02  1                                                         
 5.00007D+01  2                                                         
 1.36466D+01  3                                                         
 2.95703D+00  4                                                         
<ine.c.s.>      1.01      9.50000000D+00    232.04    0    4            
 2.16087D+02  1                                                         
 4.76633D+01  2                                                         
 1.27581D+01  3                                                         
 2.61885D+00  4                                                         
<ine.c.s.>      1.01      1.00000000D+01    232.04    0    4            
 2.07863D+02  1                                                         
 4.54760D+01  2                                                         
 1.18997D+01  3                                                         
 2.32886D+00  4                                                         
<ine.c.s.>      1.01      1.05000000D+01    232.04    0    4            
 1.99880D+02  1                                                         
 4.34393D+01  2                                                         
 1.10866D+01  3                                                         
 2.08292D+00  4                                                         
<ine.c.s.>      1.01      1.10000000D+01    232.04    0    4            
 1.92260D+02  1                                                         
 4.15240D+01  2                                                         
 1.03239D+01  3                                                         
 1.87356D+00  4                                                         
<ine.c.s.>      1.01      1.15000000D+01    232.04    0    4            
 1.85043D+02  1                                                         
 3.97011D+01  2                                                         
 9.61295D+00  3                                                         
 1.69359D+00  4                                                         
<ine.c.s.>      1.01      1.20000000D+01    232.04    0    4            
 1.78221D+02  1                                                         
 3.79530D+01  2                                                         
 8.95451D+00  3                                                         
 1.53743D+00  4                                                         
<ine.c.s.>      1.01      1.25000000D+01    232.04    0    4            
 1.71761D+02  1                                                         
 3.62684D+01  2                                                         
 8.34638D+00  3                                                         
 1.40059D+00  4                                                         
<ine.c.s.>      1.01      1.30000000D+01    232.04    0    4            
 1.65627D+02  1                                                         
 3.46439D+01  2                                                         
 7.78581D+00  3                                                         
 1.27978D+00  4                                                         
<ine.c.s.>      1.01      1.35000000D+01    232.04    0    4            
 1.59822D+02  1                                                         
 3.30881D+01  2                                                         
 7.27179D+00  3                                                         
 1.17303D+00  4                                                         
<ine.c.s.>      1.01      1.40000000D+01    232.04    0    4            
 1.54301D+02  1                                                         
 3.15947D+01  2                                                         
 6.79824D+00  3                                                         
 1.07792D+00  4                                                         
<ine.c.s.>      1.01      1.45000000D+01    232.04    0    4            
 1.49089D+02  1                                                         
 3.01744D+01  2                                                         
 6.36425D+00  3                                                         
 9.93415D-01  4                                                         
<ine.c.s.>      1.01      1.50000000D+01    232.04    0    4            
 1.44182D+02  1                                                         
 2.88282D+01  2                                                         
 5.96671D+00  3                                                         
 9.18249D-01  4                                                         
<ine.c.s.>      1.01      1.60000000D+01    232.04    0    4            
 1.35260D+02  1                                                         
 2.63578D+01  2                                                         
 5.26993D+00  3                                                         
 7.91466D-01  4                                                         
<ine.c.s.>      1.01      1.70000000D+01    232.04    0    4            
 1.27525D+02  1                                                         
 2.41900D+01  2                                                         
 4.69150D+00  3                                                         
 6.90320D-01  4                                                         
<ine.c.s.>      1.01      1.80000000D+01    232.04    0    4            
 1.20898D+02  1                                                         
 2.23204D+01  2                                                         
 4.21392D+00  3                                                         
 6.08231D-01  4                                                         
<ine.c.s.>      1.01      1.90000000D+01    232.04    0    4            
 1.15294D+02  1                                                         
 2.07436D+01  2                                                         
 3.82032D+00  3                                                         
 5.40182D-01  4                                                         
<ine.c.s.>      1.01      2.00000000D+01    232.04    0    4            
 1.10595D+02  1                                                         
 1.94354D+01  2                                                         
 3.49224D+00  3                                                         
 4.82475D-01  4                                                         
