 n-H001.res.jendl4.0: Merger of MF1 and MF2                         99 0  0    0
 1.001000+3 9.991673-1          1          0          6          1 125 1451    1
 0.000000+0 0.000000+0          0          0          0          6 125 1451    2
 1.000000+0 2.000000+7          0          0         10          4 125 1451    3
 0.000000+0 0.000000+0          0          0          1          2 125 1451    4
  1-H -  1 LANL       EVAL-OCT05 G.M.Hale                          125 1451    5
                      DIST-MAY10                       20080703    125 1451    6
----JENDL-4.0         MATERIAL  125                                125 1451    7
-----INCIDENT NEUTRON DATA                                         125 1451    8
------ENDF-6 FORMAT                                                125 1451    9
                                                                   125 1451   10
                                1        451         12          0 125 1451   11
                                2        151          4          0 125 1451   12
                                                                   125 1  099999
                                                                   125 0  0    0
 1.001000+3 9.991673-1          0          0          1          0 125 2151    1
 1.001000+3 1.000000+0          0          0          1          0 125 2151    2
 1.000000-5 1.000000+5          0          0          0          0 125 2151    3
 5.000000-1 1.276553+0          0          0          0          0 125 2151    4
                                                                   125 2  0    5
                                                                   125 0  0    0
                                                                     0 0  0    0
                                                                    -1 0  0    0
