 n-O016.res.jendl4.0: Merger of MF1 and MF2                         99 0  0    0
 8.016000+3 1.585750+1          1          0          6          1 825 1451    1
 0.000000+0 0.000000+0          0          0          0          6 825 1451    2
 1.000000+0 2.000000+7          0          0         10          4 825 1451    3
 0.000000+0 0.000000+0          0          0          1          2 825 1451    4
  8-O - 16 JNDC       EVAL-DEC83 Y.KANDA(KYU) T.MURATA(NAIG)+      825 1451    5
 JAERI-M 90-012       DIST-MAY10                       20090629    825 1451    6
----JENDL-4.0         MATERIAL  825                                825 1451    7
-----INCIDENT NEUTRON DATA                                         825 1451    8
------ENDF-6 FORMAT                                                825 1451    9
                                                                   825 1451   10
                                1        451         12          0 825 1451   11
                                2        151          4          0 825 1451   12
                                                                   825 1  099999
                                                                   825 0  0    0
 8.016000+3 1.585750+1          0          0          1          0 825 2151    1
 8.016000+3 1.000000+0          0          0          1          0 825 2151    2
 1.000000-5 1.000000+5          0          0          0          0 825 2151    3
 0.000000+0 4.810000-1          0          0          0          0 825 2151    4
                                                                   825 2  0    5
                                                                   825 0  0    0
                                                                     0 0  0    0
                                                                    -1 0  0    0
