# p +  58Fe Total alpha    production
# Q-value    = 4.21329E-01
# 
# # energies =    24
#    E         xs         Yield
 1.00000E+00 0.00000E+00 0.00000E+00
 2.00000E+00 0.00000E+00 0.00000E+00
 3.00000E+00 1.46545E-04 2.23828E-05
 4.00000E+00 3.92041E-03 2.82310E-05
 5.00000E+00 6.97127E-02 1.93463E-04
 6.00000E+00 5.76668E-01 1.08570E-03
 8.00000E+00 5.11916E+00 7.07949E-03
 1.00000E+01 1.51147E+01 1.74931E-02
 1.20000E+01 2.68700E+01 2.78750E-02
 1.40000E+01 3.32914E+01 3.23685E-02
 1.60000E+01 3.67491E+01 3.42292E-02
 1.80000E+01 4.01305E+01 3.64675E-02
 2.00000E+01 4.76012E+01 4.26855E-02
 2.50000E+01 6.73784E+01 5.93637E-02
 3.00000E+01 7.31027E+01 6.49161E-02
 3.50000E+01 7.63830E+01 6.93099E-02
 4.00000E+01 7.51886E+01 7.00211E-02
 4.50000E+01 6.98037E+01 6.69194E-02
 5.00000E+01 6.40505E+01 6.32591E-02
 6.00000E+01 5.42047E+01 5.67211E-02
 7.00000E+01 4.63432E+01 5.11320E-02
 8.00000E+01 4.23491E+01 4.89761E-02
 9.00000E+01 4.59226E+01 5.53444E-02
 1.00000E+02 5.08615E+01 6.35434E-02
