# p +  54Fe Total alpha    production
# Q-value    =-3.14733E+00
# 
# # energies =    24
#    E         xs         Yield
 1.00000E+00 0.00000E+00 0.00000E+00
 2.00000E+00 0.00000E+00 0.00000E+00
 3.00000E+00 0.00000E+00 0.00000E+00
 4.00000E+00 0.00000E+00 0.00000E+00
 5.00000E+00 0.00000E+00 0.00000E+00
 6.00000E+00 4.76441E-44 0.00000E+00
 8.00000E+00 2.67215E-02 4.77857E-05
 1.00000E+01 2.45254E+00 3.16494E-03
 1.20000E+01 1.37952E+01 1.57906E-02
 1.40000E+01 2.56938E+01 2.73744E-02
 1.60000E+01 3.43170E+01 3.48172E-02
 1.80000E+01 3.89056E+01 3.81512E-02
 2.00000E+01 4.18042E+01 4.03475E-02
 2.50000E+01 5.08442E+01 4.89542E-02
 3.00000E+01 6.64298E+01 6.45551E-02
 3.50000E+01 6.91657E+01 6.88895E-02
 4.00000E+01 6.81661E+01 6.99437E-02
 4.50000E+01 6.65549E+01 7.04249E-02
 5.00000E+01 6.41387E+01 7.00001E-02
 6.00000E+01 5.99613E+01 6.93867E-02
 7.00000E+01 5.58761E+01 6.81144E-02
 8.00000E+01 5.49022E+01 7.00219E-02
 9.00000E+01 6.02843E+01 7.99458E-02
 1.00000E+02 6.64482E+01 9.11330E-02
