# p +  57Fe Total alpha    production
# Q-value    = 2.40288E-01
# 
# # energies =    24
#    E         xs         Yield
 1.00000E+00 0.00000E+00 0.00000E+00
 2.00000E+00 0.00000E+00 0.00000E+00
 3.00000E+00 3.16718E-11 1.04649E-12
 4.00000E+00 1.15498E-03 6.93829E-06
 5.00000E+00 4.05281E-02 1.12662E-04
 6.00000E+00 5.40246E-01 1.02368E-03
 8.00000E+00 9.16366E+00 1.27784E-02
 1.00000E+01 2.64906E+01 3.11773E-02
 1.20000E+01 4.09974E+01 4.32066E-02
 1.40000E+01 5.02825E+01 4.95919E-02
 1.60000E+01 5.74676E+01 5.41934E-02
 1.80000E+01 6.51089E+01 5.98210E-02
 2.00000E+01 7.34624E+01 6.66350E-02
 2.50000E+01 9.28398E+01 8.29556E-02
 3.00000E+01 9.15090E+01 8.23841E-02
 3.50000E+01 8.61806E+01 7.93355E-02
 4.00000E+01 8.07429E+01 7.63209E-02
 4.50000E+01 7.43252E+01 7.23367E-02
 5.00000E+01 6.88990E+01 6.90927E-02
 6.00000E+01 5.93837E+01 6.31012E-02
 7.00000E+01 5.28667E+01 5.92260E-02
 8.00000E+01 5.20531E+01 6.11127E-02
 9.00000E+01 5.70151E+01 6.97414E-02
 1.00000E+02 6.31012E+01 7.99983E-02
