# p +  56Fe Total alpha    production
# Q-value    =-1.05276E+00
# 
# # energies =    24
#    E         xs         Yield
 1.00000E+00 0.00000E+00 0.00000E+00
 2.00000E+00 0.00000E+00 0.00000E+00
 3.00000E+00 0.00000E+00 0.00000E+00
 4.00000E+00 0.00000E+00 0.00000E+00
 5.00000E+00 1.44185E-03 1.13048E-05
 6.00000E+00 7.11125E-02 2.22375E-04
 8.00000E+00 4.06638E+00 6.04898E-03
 1.00000E+01 1.74154E+01 2.12011E-02
 1.20000E+01 3.83795E+01 4.16372E-02
 1.40000E+01 6.38755E+01 6.48220E-02
 1.60000E+01 7.33272E+01 7.10303E-02
 1.80000E+01 7.27872E+01 6.84415E-02
 2.00000E+01 6.85728E+01 6.36304E-02
 2.50000E+01 6.76287E+01 6.23209E-02
 3.00000E+01 7.11121E+01 6.60433E-02
 3.50000E+01 6.97011E+01 6.62716E-02
 4.00000E+01 6.84254E+01 6.68982E-02
 4.50000E+01 6.59435E+01 6.64104E-02
 5.00000E+01 6.31455E+01 6.55407E-02
 6.00000E+01 5.83558E+01 6.41824E-02
 7.00000E+01 5.44270E+01 6.30868E-02
 8.00000E+01 5.49701E+01 6.67393E-02
 9.00000E+01 6.07646E+01 7.68235E-02
 1.00000E+02 6.69528E+01 8.76890E-02
