# p +  56Fe Total deuteron production
# Q-value    =-8.97249E+00
# 
# # energies =    24
#    E         xs         Yield
 1.00000E+00 0.00000E+00 0.00000E+00
 2.00000E+00 0.00000E+00 0.00000E+00
 3.00000E+00 0.00000E+00 0.00000E+00
 4.00000E+00 0.00000E+00 0.00000E+00
 5.00000E+00 0.00000E+00 0.00000E+00
 6.00000E+00 0.00000E+00 0.00000E+00
 8.00000E+00 0.00000E+00 0.00000E+00
 1.00000E+01 1.00021E-10 1.21763E-13
 1.20000E+01 9.29657E-02 1.00857E-04
 1.40000E+01 1.85755E+00 1.88508E-03
 1.60000E+01 6.18931E+00 5.99544E-03
 1.80000E+01 1.24957E+01 1.17497E-02
 2.00000E+01 1.87122E+01 1.73635E-02
 2.50000E+01 3.15006E+01 2.90283E-02
 3.00000E+01 4.47186E+01 4.15311E-02
 3.50000E+01 5.65258E+01 5.37445E-02
 4.00000E+01 6.41995E+01 6.27666E-02
 4.50000E+01 7.00180E+01 7.05137E-02
 5.00000E+01 7.29247E+01 7.56908E-02
 6.00000E+01 7.87692E+01 8.66340E-02
 7.00000E+01 8.27898E+01 9.59622E-02
 8.00000E+01 8.57754E+01 1.04140E-01
 9.00000E+01 8.49120E+01 1.07353E-01
 1.00000E+02 8.53008E+01 1.11720E-01
