# p +  54Fe Total deuteron production
# Q-value    =-1.11539E+01
# 
# # energies =    24
#    E         xs         Yield
 1.00000E+00 0.00000E+00 0.00000E+00
 2.00000E+00 0.00000E+00 0.00000E+00
 3.00000E+00 0.00000E+00 0.00000E+00
 4.00000E+00 0.00000E+00 0.00000E+00
 5.00000E+00 0.00000E+00 0.00000E+00
 6.00000E+00 0.00000E+00 0.00000E+00
 8.00000E+00 0.00000E+00 0.00000E+00
 1.00000E+01 0.00000E+00 0.00000E+00
 1.20000E+01 5.32109E-13 6.09073E-16
 1.40000E+01 2.92612E-02 3.11751E-05
 1.60000E+01 1.11245E+00 1.12866E-03
 1.80000E+01 3.37895E+00 3.31343E-03
 2.00000E+01 7.51183E+00 7.25008E-03
 2.50000E+01 2.05734E+01 1.98086E-02
 3.00000E+01 3.21845E+01 3.12762E-02
 3.50000E+01 4.11442E+01 4.09799E-02
 4.00000E+01 4.88467E+01 5.01205E-02
 4.50000E+01 5.53892E+01 5.86100E-02
 5.00000E+01 6.08402E+01 6.64001E-02
 6.00000E+01 6.87545E+01 7.95621E-02
 7.00000E+01 7.41308E+01 9.03673E-02
 8.00000E+01 7.82746E+01 9.98309E-02
 9.00000E+01 7.81884E+01 1.03689E-01
 1.00000E+02 7.94540E+01 1.08970E-01
