# p +  57Fe Total deuteron production
# Q-value    =-5.42160E+00
# 
# # energies =    24
#    E         xs         Yield
 1.00000E+00 0.00000E+00 0.00000E+00
 2.00000E+00 0.00000E+00 0.00000E+00
 3.00000E+00 0.00000E+00 0.00000E+00
 4.00000E+00 0.00000E+00 0.00000E+00
 5.00000E+00 0.00000E+00 0.00000E+00
 6.00000E+00 3.11425E-17 5.90097E-20
 8.00000E+00 1.71573E-02 2.39252E-05
 1.00000E+01 1.02352E+00 1.20461E-03
 1.20000E+01 3.90276E+00 4.11306E-03
 1.40000E+01 9.43301E+00 9.30345E-03
 1.60000E+01 1.62708E+01 1.53438E-02
 1.80000E+01 2.30729E+01 2.11990E-02
 2.00000E+01 2.94004E+01 2.66680E-02
 2.50000E+01 4.23952E+01 3.78816E-02
 3.00000E+01 5.50323E+01 4.95448E-02
 3.50000E+01 6.40065E+01 5.89227E-02
 4.00000E+01 7.12165E+01 6.73162E-02
 4.50000E+01 7.72649E+01 7.51977E-02
 5.00000E+01 7.94756E+01 7.96990E-02
 6.00000E+01 8.50274E+01 9.03502E-02
 7.00000E+01 8.84421E+01 9.90807E-02
 8.00000E+01 9.06492E+01 1.06426E-01
 9.00000E+01 8.86148E+01 1.08394E-01
 1.00000E+02 8.81758E+01 1.11787E-01
