# p +  58Fe Total deuteron production
# Q-value    =-7.82000E+00
# 
# # energies =    24
#    E         xs         Yield
 1.00000E+00 0.00000E+00 0.00000E+00
 2.00000E+00 0.00000E+00 0.00000E+00
 3.00000E+00 0.00000E+00 0.00000E+00
 4.00000E+00 0.00000E+00 0.00000E+00
 5.00000E+00 0.00000E+00 0.00000E+00
 6.00000E+00 0.00000E+00 0.00000E+00
 8.00000E+00 0.00000E+00 0.00000E+00
 1.00000E+01 2.44056E-03 2.82460E-06
 1.20000E+01 5.76309E-01 5.97864E-04
 1.40000E+01 2.70693E+00 2.63189E-03
 1.60000E+01 7.05067E+00 6.56719E-03
 1.80000E+01 1.32037E+01 1.19985E-02
 2.00000E+01 1.99494E+01 1.78893E-02
 2.50000E+01 3.68925E+01 3.25041E-02
 3.00000E+01 5.04481E+01 4.47986E-02
 3.50000E+01 5.99680E+01 5.44149E-02
 4.00000E+01 6.79294E+01 6.32607E-02
 4.50000E+01 7.39632E+01 7.09071E-02
 5.00000E+01 7.82405E+01 7.72738E-02
 6.00000E+01 8.40877E+01 8.79915E-02
 7.00000E+01 8.81202E+01 9.72259E-02
 8.00000E+01 9.07786E+01 1.04984E-01
 9.00000E+01 8.86467E+01 1.06834E-01
 1.00000E+02 8.79708E+01 1.09906E-01
