# p +  58Fe Elastic cross sections
# 
# 
# # energies =    24
#    E      Cross section
 1.00000E+00 9.06262E-05
 2.00000E+00 2.35561E+00
 3.00000E+00 4.44489E+01
 4.00000E+00 6.36179E+01
 5.00000E+00 3.11854E+01
 6.00000E+00 1.55983E+01
 8.00000E+00 4.05276E+00
 1.00000E+01 1.09838E+00
 1.20000E+01 1.42825E-01
 1.40000E+01 3.76733E-02
 1.60000E+01 9.71890E-03
 1.80000E+01 2.45978E-03
 2.00000E+01 6.27059E-04
 2.50000E+01 2.45101E-05
 3.00000E+01 1.28766E-06
 3.50000E+01 1.69464E-07
 4.00000E+01 1.04812E-07
 4.50000E+01 1.00382E-07
 5.00000E+01 1.00033E-07
 6.00000E+01 1.00000E-07
 7.00000E+01 1.00000E-07
 8.00000E+01 9.91028E-08
 9.00000E+01 9.66461E-08
 1.00000E+02 9.45826E-08
