# p +  57Fe Elastic cross sections
# 
# 
# # energies =    24
#    E      Cross section
 1.00000E+00 3.72316E-05
 2.00000E+00 9.01539E-01
 3.00000E+00 1.54704E+01
 4.00000E+00 2.34879E+01
 5.00000E+00 2.21410E+01
 6.00000E+00 1.65585E+01
 8.00000E+00 5.88767E+00
 1.00000E+01 1.74825E+00
 1.20000E+01 3.08062E-01
 1.40000E+01 8.37888E-02
 1.60000E+01 2.20642E-02
 1.80000E+01 5.69018E-03
 2.00000E+01 1.45911E-03
 2.50000E+01 5.63947E-05
 3.00000E+01 2.82874E-06
 3.50000E+01 2.58532E-07
 4.00000E+01 1.10903E-07
 4.50000E+01 1.00858E-07
 5.00000E+01 1.00076E-07
 6.00000E+01 1.00001E-07
 7.00000E+01 1.00000E-07
 8.00000E+01 9.83006E-08
 9.00000E+01 9.57590E-08
 1.00000E+02 9.36311E-08
