# p +  54Fe Elastic cross sections
# 
# 
# # energies =    24
#    E      Cross section
 1.00000E+00 9.74052E-04
 2.00000E+00 1.95821E+00
 3.00000E+00 3.03843E+01
 4.00000E+00 1.22755E+02
 5.00000E+00 2.35947E+02
 6.00000E+00 2.74234E+02
 8.00000E+00 1.36052E+02
 1.00000E+01 1.82402E+01
 1.20000E+01 4.43671E+00
 1.40000E+01 1.16104E+00
 1.60000E+01 3.29770E-01
 1.80000E+01 9.67086E-02
 2.00000E+01 2.77015E-02
 2.50000E+01 1.09973E-03
 3.00000E+01 4.80661E-05
 3.50000E+01 2.53400E-06
 4.00000E+01 2.47939E-07
 4.50000E+01 1.10545E-07
 5.00000E+01 1.00859E-07
 6.00000E+01 1.00007E-07
 7.00000E+01 1.00000E-07
 8.00000E+01 9.87289E-08
 9.00000E+01 9.57592E-08
 1.00000E+02 9.32958E-08
