# p +  56Fe Elastic cross sections
# 
# 
# # energies =    24
#    E      Cross section
 1.00000E+00 2.99975E-04
 2.00000E+00 2.29466E+00
 3.00000E+00 3.50213E+01
 4.00000E+00 1.26750E+02
 5.00000E+00 2.15747E+02
 6.00000E+00 1.96890E+02
 8.00000E+00 4.46668E+01
 1.00000E+01 1.03564E+01
 1.20000E+01 1.31349E+00
 1.40000E+01 3.49218E-01
 1.60000E+01 9.35124E-02
 1.80000E+01 2.49567E-02
 2.00000E+01 6.46328E-03
 2.50000E+01 2.24454E-04
 3.00000E+01 9.67256E-06
 3.50000E+01 5.89479E-07
 4.00000E+01 1.30194E-07
 4.50000E+01 1.02177E-07
 5.00000E+01 1.00180E-07
 6.00000E+01 1.00002E-07
 7.00000E+01 1.00000E-07
 8.00000E+01 9.83571E-08
 9.00000E+01 9.57286E-08
 1.00000E+02 9.35593E-08
