# p +  54Fe Total gamma    production
# Q-value    = 5.06435E+00
# 
# # energies =    24
#    E         xs         Yield
 1.00000E+00 2.72382E-03 1.52776E+00
 2.00000E+00 7.89743E-02 1.52687E+00
 3.00000E+00 2.17019E-01 4.00678E-01
 4.00000E+00 3.11390E-01 2.48350E-02
 5.00000E+00 3.95337E-01 5.51543E-03
 6.00000E+00 5.17650E-01 2.42214E-03
 8.00000E+00 1.10685E+01 1.97937E-02
 1.00000E+01 2.24240E+02 2.89377E-01
 1.20000E+01 5.81455E+02 6.65557E-01
 1.40000E+01 8.79732E+02 9.37272E-01
 1.60000E+01 8.02112E+02 8.13803E-01
 1.80000E+01 4.96032E+02 4.86414E-01
 2.00000E+01 3.70836E+02 3.57915E-01
 2.50000E+01 8.01286E+02 7.71499E-01
 3.00000E+01 9.55862E+02 9.28887E-01
 3.50000E+01 7.82047E+02 7.78924E-01
 4.00000E+01 8.37963E+02 8.59815E-01
 4.50000E+01 8.02813E+02 8.49495E-01
 5.00000E+01 7.45367E+02 8.13483E-01
 6.00000E+01 7.13926E+02 8.26149E-01
 7.00000E+01 6.79577E+02 8.28421E-01
 8.00000E+01 6.58301E+02 8.39592E-01
 9.00000E+01 6.29138E+02 8.34329E-01
 1.00000E+02 6.12824E+02 8.40481E-01
