# p +  57Fe Total gamma    production
# Q-value    = 6.95424E+00
# 
# # energies =    24
#    E         xs         Yield
 1.00000E+00 7.15063E-03 2.34723E+00
 2.00000E+00 5.00653E-01 2.79866E-01
 3.00000E+00 1.00451E+00 3.31908E-02
 4.00000E+00 7.77575E-01 4.67110E-03
 5.00000E+00 9.73308E+01 2.70565E-01
 6.00000E+00 2.72412E+02 5.16174E-01
 8.00000E+00 6.34909E+02 8.85357E-01
 1.00000E+01 9.58036E+02 1.12753E+00
 1.20000E+01 8.61345E+02 9.07758E-01
 1.40000E+01 6.21057E+02 6.12527E-01
 1.60000E+01 5.93433E+02 5.59622E-01
 1.80000E+01 8.05046E+02 7.39664E-01
 2.00000E+01 1.07689E+03 9.76805E-01
 2.50000E+01 1.47384E+03 1.31693E+00
 3.00000E+01 1.28261E+03 1.15471E+00
 3.50000E+01 1.35773E+03 1.24989E+00
 4.00000E+01 1.32715E+03 1.25447E+00
 4.50000E+01 1.21386E+03 1.18138E+00
 5.00000E+01 1.16509E+03 1.16837E+00
 6.00000E+01 1.03963E+03 1.10471E+00
 7.00000E+01 9.61961E+02 1.07767E+00
 8.00000E+01 8.75148E+02 1.02746E+00
 9.00000E+01 8.12423E+02 9.93763E-01
 1.00000E+02 7.86572E+02 9.97198E-01
