# p +  58Fe Total gamma    production
# Q-value    = 7.36354E+00
# 
# # energies =    24
#    E         xs         Yield
 1.00000E+00 5.77880E-03 1.77849E+00
 2.00000E+00 1.19525E+00 1.85556E+00
 3.00000E+00 3.95572E+00 6.04184E-01
 4.00000E+00 1.01914E+00 7.33882E-03
 5.00000E+00 1.59648E+02 4.43046E-01
 6.00000E+00 4.30228E+02 8.09998E-01
 8.00000E+00 8.74742E+02 1.20972E+00
 1.00000E+01 1.29159E+03 1.49483E+00
 1.20000E+01 1.59131E+03 1.65083E+00
 1.40000E+01 1.01893E+03 9.90682E-01
 1.60000E+01 7.21218E+02 6.71763E-01
 1.80000E+01 8.59841E+02 7.81356E-01
 2.00000E+01 1.09726E+03 9.83950E-01
 2.50000E+01 1.30544E+03 1.15016E+00
 3.00000E+01 1.17538E+03 1.04375E+00
 3.50000E+01 1.34932E+03 1.22437E+00
 4.00000E+01 1.34145E+03 1.24925E+00
 4.50000E+01 1.25805E+03 1.20607E+00
 5.00000E+01 1.21908E+03 1.20401E+00
 6.00000E+01 1.11376E+03 1.16546E+00
 7.00000E+01 1.00649E+03 1.11050E+00
 8.00000E+01 9.57332E+02 1.10714E+00
 9.00000E+01 8.42746E+02 1.01565E+00
 1.00000E+02 8.15683E+02 1.01907E+00
