# p +  56Fe Total gamma    production
# Q-value    = 6.02746E+00
# 
# # energies =    24
#    E         xs         Yield
 1.00000E+00 4.92768E-03 1.64251E+00
 2.00000E+00 3.95822E-01 1.59372E+00
 3.00000E+00 9.35760E-01 2.22431E-01
 4.00000E+00 1.48253E+00 4.21103E-02
 5.00000E+00 2.17253E+00 1.70337E-02
 6.00000E+00 2.20225E+00 6.88664E-03
 8.00000E+00 9.33379E+01 1.38846E-01
 1.00000E+01 5.13212E+02 6.24772E-01
 1.20000E+01 9.08781E+02 9.85920E-01
 1.40000E+01 1.12021E+03 1.13681E+00
 1.60000E+01 9.76154E+02 9.45578E-01
 1.80000E+01 7.82660E+02 7.35932E-01
 2.00000E+01 8.47448E+02 7.86368E-01
 2.50000E+01 1.33795E+03 1.23294E+00
 3.00000E+01 1.30477E+03 1.21177E+00
 3.50000E+01 1.18549E+03 1.12716E+00
 4.00000E+01 1.22500E+03 1.19765E+00
 4.50000E+01 1.12475E+03 1.13271E+00
 5.00000E+01 1.06382E+03 1.10417E+00
 6.00000E+01 9.86773E+02 1.08530E+00
 7.00000E+01 8.89243E+02 1.03073E+00
 8.00000E+01 8.31178E+02 1.00914E+00
 9.00000E+01 7.71013E+02 9.74777E-01
 1.00000E+02 7.18503E+02 9.41034E-01
