# p +  56Fe Total helium-3 production
# Q-value    =-1.26912E+01
# 
# # energies =    24
#    E         xs         Yield
 1.00000E+00 0.00000E+00 0.00000E+00
 2.00000E+00 0.00000E+00 0.00000E+00
 3.00000E+00 0.00000E+00 0.00000E+00
 4.00000E+00 0.00000E+00 0.00000E+00
 5.00000E+00 0.00000E+00 0.00000E+00
 6.00000E+00 0.00000E+00 0.00000E+00
 8.00000E+00 0.00000E+00 0.00000E+00
 1.00000E+01 0.00000E+00 0.00000E+00
 1.20000E+01 0.00000E+00 0.00000E+00
 1.40000E+01 8.40779E-45 0.00000E+00
 1.60000E+01 2.35245E-08 2.27876E-11
 1.80000E+01 1.52587E-04 1.43477E-07
 2.00000E+01 8.39351E-03 7.78854E-06
 2.50000E+01 1.23239E+00 1.13567E-03
 3.00000E+01 5.48578E+00 5.09476E-03
 3.50000E+01 1.07458E+01 1.02171E-02
 4.00000E+01 1.56221E+01 1.52734E-02
 4.50000E+01 1.96605E+01 1.97997E-02
 5.00000E+01 2.29291E+01 2.37989E-02
 6.00000E+01 2.68693E+01 2.95521E-02
 7.00000E+01 2.92650E+01 3.39213E-02
 8.00000E+01 3.11404E+01 3.78076E-02
 9.00000E+01 3.32697E+01 4.20622E-02
 1.00000E+02 3.60449E+01 4.72086E-02
