# p +  58Fe Total helium-3 production
# Q-value    =-1.28858E+01
# 
# # energies =    24
#    E         xs         Yield
 1.00000E+00 0.00000E+00 0.00000E+00
 2.00000E+00 0.00000E+00 0.00000E+00
 3.00000E+00 0.00000E+00 0.00000E+00
 4.00000E+00 0.00000E+00 0.00000E+00
 5.00000E+00 0.00000E+00 0.00000E+00
 6.00000E+00 0.00000E+00 0.00000E+00
 8.00000E+00 0.00000E+00 0.00000E+00
 1.00000E+01 0.00000E+00 0.00000E+00
 1.20000E+01 0.00000E+00 0.00000E+00
 1.40000E+01 0.00000E+00 0.00000E+00
 1.60000E+01 4.30634E-10 4.01104E-13
 1.80000E+01 1.56577E-05 1.42285E-08
 2.00000E+01 3.17801E-03 2.84983E-06
 2.50000E+01 9.45697E-01 8.33206E-04
 3.00000E+01 4.34888E+00 3.86186E-03
 3.50000E+01 8.41958E+00 7.63992E-03
 4.00000E+01 1.22887E+01 1.14442E-02
 4.50000E+01 1.57355E+01 1.50854E-02
 5.00000E+01 1.84754E+01 1.82471E-02
 6.00000E+01 2.18232E+01 2.28363E-02
 7.00000E+01 2.39391E+01 2.64128E-02
 8.00000E+01 2.57526E+01 2.97825E-02
 9.00000E+01 2.76022E+01 3.32652E-02
 1.00000E+02 2.99246E+01 3.73861E-02
