# p +  54Fe Total helium-3 production
# Q-value    =-1.31855E+01
# 
# # energies =    24
#    E         xs         Yield
 1.00000E+00 0.00000E+00 0.00000E+00
 2.00000E+00 0.00000E+00 0.00000E+00
 3.00000E+00 0.00000E+00 0.00000E+00
 4.00000E+00 0.00000E+00 0.00000E+00
 5.00000E+00 0.00000E+00 0.00000E+00
 6.00000E+00 0.00000E+00 0.00000E+00
 8.00000E+00 0.00000E+00 0.00000E+00
 1.00000E+01 0.00000E+00 0.00000E+00
 1.20000E+01 0.00000E+00 0.00000E+00
 1.40000E+01 0.00000E+00 0.00000E+00
 1.60000E+01 1.07670E-14 1.09240E-17
 1.80000E+01 3.20525E-05 3.14310E-08
 2.00000E+01 4.83374E-03 4.66531E-06
 2.50000E+01 1.07689E+00 1.03686E-03
 3.00000E+01 5.68291E+00 5.52253E-03
 3.50000E+01 1.18591E+01 1.18117E-02
 4.00000E+01 1.73814E+01 1.78347E-02
 4.50000E+01 2.24471E+01 2.37523E-02
 5.00000E+01 2.65079E+01 2.89303E-02
 6.00000E+01 3.15391E+01 3.64968E-02
 7.00000E+01 3.44246E+01 4.19644E-02
 8.00000E+01 3.67758E+01 4.69036E-02
 9.00000E+01 3.92934E+01 5.21088E-02
 1.00000E+02 4.26190E+01 5.84515E-02
