# p +  57Fe Total helium-3 production
# Q-value    =-1.01117E+01
# 
# # energies =    24
#    E         xs         Yield
 1.00000E+00 0.00000E+00 0.00000E+00
 2.00000E+00 0.00000E+00 0.00000E+00
 3.00000E+00 0.00000E+00 0.00000E+00
 4.00000E+00 0.00000E+00 0.00000E+00
 5.00000E+00 0.00000E+00 0.00000E+00
 6.00000E+00 0.00000E+00 0.00000E+00
 8.00000E+00 0.00000E+00 0.00000E+00
 1.00000E+01 0.00000E+00 0.00000E+00
 1.20000E+01 2.56897E-17 2.70740E-20
 1.40000E+01 5.21461E-07 5.14299E-10
 1.60000E+01 2.67789E-04 2.52532E-07
 1.80000E+01 5.07217E-03 4.66023E-06
 2.00000E+01 4.06574E-02 3.68788E-05
 2.50000E+01 1.88309E+00 1.68261E-03
 3.00000E+01 6.47690E+00 5.83105E-03
 3.50000E+01 1.16486E+01 1.07233E-02
 4.00000E+01 1.59964E+01 1.51203E-02
 4.50000E+01 1.96471E+01 1.91215E-02
 5.00000E+01 2.24723E+01 2.25355E-02
 6.00000E+01 2.58236E+01 2.74402E-02
 7.00000E+01 2.77171E+01 3.10512E-02
 8.00000E+01 2.93469E+01 3.44546E-02
 9.00000E+01 3.12109E+01 3.81775E-02
 1.00000E+02 3.36228E+01 4.26262E-02
