# p +  54Fe Nonelastic cross sections
# 
# 
# # energies =    24
#    E      Cross section
 1.00000E+00 1.78289E-03
 2.00000E+00 5.17230E-02
 3.00000E+00 5.41630E-01
 4.00000E+00 1.25383E+01
 5.00000E+00 7.16784E+01
 6.00000E+00 2.13715E+02
 8.00000E+00 5.59195E+02
 1.00000E+01 7.74907E+02
 1.20000E+01 8.73637E+02
 1.40000E+01 9.38609E+02
 1.60000E+01 9.85634E+02
 1.80000E+01 1.01977E+03
 2.00000E+01 1.03610E+03
 2.50000E+01 1.03861E+03
 3.00000E+01 1.02904E+03
 3.50000E+01 1.00401E+03
 4.00000E+01 9.74585E+02
 4.50000E+01 9.45048E+02
 5.00000E+01 9.16266E+02
 6.00000E+01 8.64161E+02
 7.00000E+01 8.20328E+02
 8.00000E+01 7.84072E+02
 9.00000E+01 7.54064E+02
 1.00000E+02 7.29134E+02
