# p +  54Fe Total neutron  production
# Q-value    =-9.02690E+00
# 
# # energies =    24
#    E         xs         Yield
 1.00000E+00 0.00000E+00 0.00000E+00
 2.00000E+00 0.00000E+00 0.00000E+00
 3.00000E+00 0.00000E+00 0.00000E+00
 4.00000E+00 0.00000E+00 0.00000E+00
 5.00000E+00 0.00000E+00 0.00000E+00
 6.00000E+00 0.00000E+00 0.00000E+00
 8.00000E+00 0.00000E+00 0.00000E+00
 1.00000E+01 6.84167E+00 8.82903E-03
 1.20000E+01 6.22086E+01 7.12064E-02
 1.40000E+01 1.21000E+02 1.28914E-01
 1.60000E+01 1.43512E+02 1.45603E-01
 1.80000E+01 1.75022E+02 1.71628E-01
 2.00000E+01 2.39502E+02 2.31157E-01
 2.50000E+01 2.98136E+02 2.87053E-01
 3.00000E+01 3.44327E+02 3.34610E-01
 3.50000E+01 4.53695E+02 4.51883E-01
 4.00000E+01 5.13677E+02 5.27072E-01
 4.50000E+01 5.53492E+02 5.85676E-01
 5.00000E+01 6.00579E+02 6.55463E-01
 6.00000E+01 6.70823E+02 7.76271E-01
 7.00000E+01 7.26971E+02 8.86196E-01
 8.00000E+01 7.79739E+02 9.94473E-01
 9.00000E+01 8.54753E+02 1.13353E+00
 1.00000E+02 9.32443E+02 1.27884E+00
