# p +  58Fe Total neutron  production
# Q-value    =-3.09033E+00
# 
# # energies =    24
#    E         xs         Yield
 1.00000E+00 0.00000E+00 0.00000E+00
 2.00000E+00 0.00000E+00 0.00000E+00
 3.00000E+00 0.00000E+00 0.00000E+00
 4.00000E+00 1.28418E+02 9.24741E-01
 5.00000E+00 3.33353E+02 9.25104E-01
 6.00000E+00 4.81913E+02 9.07306E-01
 8.00000E+00 6.32222E+02 8.74325E-01
 1.00000E+01 7.26693E+02 8.41044E-01
 1.20000E+01 7.88361E+02 8.17848E-01
 1.40000E+01 1.14078E+03 1.10915E+00
 1.60000E+01 1.38222E+03 1.28743E+00
 1.80000E+01 1.47828E+03 1.34335E+00
 2.00000E+01 1.49708E+03 1.34248E+00
 2.50000E+01 1.49450E+03 1.31673E+00
 3.00000E+01 1.63846E+03 1.45497E+00
 3.50000E+01 1.66215E+03 1.50823E+00
 4.00000E+01 1.68712E+03 1.57116E+00
 4.50000E+01 1.72344E+03 1.65223E+00
 5.00000E+01 1.73484E+03 1.71341E+00
 6.00000E+01 1.76010E+03 1.84181E+00
 7.00000E+01 1.80038E+03 1.98642E+00
 8.00000E+01 1.82986E+03 2.11621E+00
 9.00000E+01 1.92992E+03 2.32587E+00
 1.00000E+02 1.99791E+03 2.49607E+00
