# p +  57Fe Total neutron  production
# Q-value    =-1.61871E+00
# 
# # energies =    24
#    E         xs         Yield
 1.00000E+00 0.00000E+00 0.00000E+00
 2.00000E+00 1.21602E+00 6.79756E-01
 3.00000E+00 1.94192E+01 6.41647E-01
 4.00000E+00 1.32848E+02 7.98054E-01
 5.00000E+00 2.80879E+02 7.80801E-01
 6.00000E+00 3.95178E+02 7.48795E-01
 8.00000E+00 5.20318E+02 7.25564E-01
 1.00000E+01 5.95995E+02 7.01438E-01
 1.20000E+01 6.57799E+02 6.93244E-01
 1.40000E+01 7.75801E+02 7.65146E-01
 1.60000E+01 9.88636E+02 9.32308E-01
 1.80000E+01 1.10148E+03 1.01202E+00
 2.00000E+01 1.13792E+03 1.03217E+00
 2.50000E+01 1.17222E+03 1.04742E+00
 3.00000E+01 1.34114E+03 1.20740E+00
 3.50000E+01 1.38897E+03 1.27865E+00
 4.00000E+01 1.42952E+03 1.35123E+00
 4.50000E+01 1.47397E+03 1.43453E+00
 5.00000E+01 1.49018E+03 1.49437E+00
 6.00000E+01 1.52880E+03 1.62450E+00
 7.00000E+01 1.55727E+03 1.74459E+00
 8.00000E+01 1.61052E+03 1.89082E+00
 9.00000E+01 1.68015E+03 2.05518E+00
 1.00000E+02 1.75850E+03 2.22939E+00
