# p +  56Fe Total neutron  production
# Q-value    =-5.34900E+00
# 
# # energies =    24
#    E         xs         Yield
 1.00000E+00 0.00000E+00 0.00000E+00
 2.00000E+00 0.00000E+00 0.00000E+00
 3.00000E+00 0.00000E+00 0.00000E+00
 4.00000E+00 0.00000E+00 0.00000E+00
 5.00000E+00 0.00000E+00 0.00000E+00
 6.00000E+00 8.06433E+01 2.52179E-01
 8.00000E+00 2.96954E+02 4.41737E-01
 1.00000E+01 3.51087E+02 4.27405E-01
 1.20000E+01 3.83074E+02 4.15590E-01
 1.40000E+01 3.99520E+02 4.05440E-01
 1.60000E+01 4.96773E+02 4.81212E-01
 1.80000E+01 7.08551E+02 6.66247E-01
 2.00000E+01 8.18635E+02 7.59632E-01
 2.50000E+01 9.03661E+02 8.32737E-01
 3.00000E+01 1.01291E+03 9.40706E-01
 3.50000E+01 1.11211E+03 1.05739E+00
 4.00000E+01 1.12464E+03 1.09954E+00
 4.50000E+01 1.15198E+03 1.16014E+00
 5.00000E+01 1.17769E+03 1.22236E+00
 6.00000E+01 1.20837E+03 1.32902E+00
 7.00000E+01 1.24504E+03 1.44313E+00
 8.00000E+01 1.29346E+03 1.57039E+00
 9.00000E+01 1.36719E+03 1.72851E+00
 1.00000E+02 1.45901E+03 1.91089E+00
