# p +  54Fe Total proton   production
# Q-value    = 0.00000E+00
# 
# # energies =    24
#    E         xs         Yield
 1.00000E+00 0.00000E+00 0.00000E+00
 2.00000E+00 1.61618E-04 3.12467E-03
 3.00000E+00 3.98108E-01 7.35018E-01
 4.00000E+00 1.23436E+01 9.84468E-01
 5.00000E+00 7.14553E+01 9.96888E-01
 6.00000E+00 2.13440E+02 9.98709E-01
 8.00000E+00 5.58855E+02 9.99392E-01
 1.00000E+01 7.65297E+02 9.87598E-01
 1.20000E+01 7.97289E+02 9.12608E-01
 1.40000E+01 8.18905E+02 8.72467E-01
 1.60000E+01 1.05505E+03 1.07043E+00
 1.80000E+01 1.35868E+03 1.33233E+00
 2.00000E+01 1.47852E+03 1.42700E+00
 2.50000E+01 1.51322E+03 1.45697E+00
 3.00000E+01 1.55856E+03 1.51457E+00
 3.50000E+01 1.61847E+03 1.61200E+00
 4.00000E+01 1.60775E+03 1.64968E+00
 4.50000E+01 1.62129E+03 1.71557E+00
 5.00000E+01 1.62008E+03 1.76814E+00
 6.00000E+01 1.59500E+03 1.84572E+00
 7.00000E+01 1.58242E+03 1.92900E+00
 8.00000E+01 1.57793E+03 2.01248E+00
 9.00000E+01 1.59542E+03 2.11577E+00
 1.00000E+02 1.61637E+03 2.21684E+00
