# p +  56Fe Total proton   production
# Q-value    = 0.00000E+00
# 
# # energies =    24
#    E         xs         Yield
 1.00000E+00 2.48516E-29 8.28360E-27
 2.00000E+00 1.23604E-02 4.97673E-02
 3.00000E+00 3.67094E+00 8.72585E-01
 4.00000E+00 3.44040E+01 9.77222E-01
 5.00000E+00 1.26439E+02 9.91341E-01
 6.00000E+00 2.38057E+02 7.44426E-01
 8.00000E+00 3.70591E+02 5.51276E-01
 1.00000E+01 4.52333E+02 5.50659E-01
 1.20000E+01 4.99430E+02 5.41823E-01
 1.40000E+01 5.84141E+02 5.92797E-01
 1.60000E+01 7.60903E+02 7.37069E-01
 1.80000E+01 8.40393E+02 7.90218E-01
 2.00000E+01 9.06819E+02 8.41460E-01
 2.50000E+01 9.53384E+02 8.78557E-01
 3.00000E+01 1.02316E+03 9.50228E-01
 3.50000E+01 1.07946E+03 1.02635E+00
 4.00000E+01 1.12072E+03 1.09571E+00
 4.50000E+01 1.16602E+03 1.17428E+00
 5.00000E+01 1.18481E+03 1.22975E+00
 6.00000E+01 1.20369E+03 1.32387E+00
 7.00000E+01 1.21843E+03 1.41229E+00
 8.00000E+01 1.22979E+03 1.49309E+00
 9.00000E+01 1.25245E+03 1.58344E+00
 1.00000E+02 1.27623E+03 1.67150E+00
