# p +  58Fe Total proton   production
# Q-value    = 0.00000E+00
# 
# # energies =    24
#    E         xs         Yield
 1.00000E+00 1.13995E-25 3.50832E-23
 2.00000E+00 1.08473E-02 1.68399E-02
 3.00000E+00 4.58970E+00 7.01016E-01
 4.00000E+00 9.98820E+00 7.19253E-02
 5.00000E+00 2.66242E+01 7.38862E-02
 6.00000E+00 4.83737E+01 9.10742E-02
 8.00000E+00 8.54028E+01 1.18107E-01
 1.00000E+01 1.21705E+02 1.40856E-01
 1.20000E+01 1.67593E+02 1.73861E-01
 1.40000E+01 2.49197E+02 2.42288E-01
 1.60000E+01 3.11770E+02 2.90392E-01
 1.80000E+01 3.61378E+02 3.28392E-01
 2.00000E+01 4.06635E+02 3.64643E-01
 2.50000E+01 6.42846E+02 5.66380E-01
 3.00000E+01 7.50806E+02 6.66725E-01
 3.50000E+01 7.87586E+02 7.14655E-01
 4.00000E+01 8.38075E+02 7.80476E-01
 4.50000E+01 8.80538E+02 8.44154E-01
 5.00000E+01 9.03712E+02 8.92546E-01
 6.00000E+01 9.41114E+02 9.84806E-01
 7.00000E+01 9.65154E+02 1.06489E+00
 8.00000E+01 9.85273E+02 1.13945E+00
 9.00000E+01 1.01427E+03 1.22236E+00
 1.00000E+02 1.04438E+03 1.30479E+00
