# p +  57Fe Total proton   production
# Q-value    = 0.00000E+00
# 
# # energies =    24
#    E         xs         Yield
 1.00000E+00 8.70341E-06 2.85694E-03
 2.00000E+00 3.73998E-01 2.09066E-01
 3.00000E+00 1.04555E+01 3.45469E-01
 4.00000E+00 3.33172E+01 2.00145E-01
 5.00000E+00 7.84544E+01 2.18091E-01
 6.00000E+00 1.31603E+02 2.49366E-01
 8.00000E+00 1.87085E+02 2.60883E-01
 1.00000E+01 2.57239E+02 3.02750E-01
 1.20000E+01 5.20574E+02 5.48625E-01
 1.40000E+01 7.32403E+02 7.22343E-01
 1.60000E+01 7.28730E+02 6.87210E-01
 1.80000E+01 7.27435E+02 6.68356E-01
 2.00000E+01 7.42402E+02 6.73406E-01
 2.50000E+01 8.28536E+02 7.40326E-01
 3.00000E+01 9.28976E+02 8.36342E-01
 3.50000E+01 9.71159E+02 8.94023E-01
 4.00000E+01 1.00011E+03 9.45334E-01
 4.50000E+01 1.02922E+03 1.00169E+00
 5.00000E+01 1.05336E+03 1.05632E+00
 6.00000E+01 1.08132E+03 1.14901E+00
 7.00000E+01 1.09656E+03 1.22847E+00
 8.00000E+01 1.11482E+03 1.30885E+00
 9.00000E+01 1.14170E+03 1.39654E+00
 1.00000E+02 1.16928E+03 1.48239E+00
