# p +  57Fe Reaction cross sections
# 
# 
# # energies =    24
#    E      Cross section
 1.00000E+00 3.08364E-03
 2.00000E+00 2.69044E+00
 3.00000E+00 4.57351E+01
 4.00000E+00 1.89953E+02
 5.00000E+00 3.81873E+02
 6.00000E+00 5.44310E+02
 8.00000E+00 7.23009E+02
 1.00000E+01 8.51424E+02
 1.20000E+01 9.49178E+02
 1.40000E+01 1.01401E+03
 1.60000E+01 1.06044E+03
 1.80000E+01 1.08840E+03
 2.00000E+01 1.10246E+03
 2.50000E+01 1.11915E+03
 3.00000E+01 1.11076E+03
 3.50000E+01 1.08628E+03
 4.00000E+01 1.05794E+03
 4.50000E+01 1.02749E+03
 5.00000E+01 9.97197E+02
 6.00000E+01 9.41087E+02
 7.00000E+01 8.92627E+02
 8.00000E+01 8.51755E+02
 9.00000E+01 8.17522E+02
 1.00000E+02 7.88782E+02
