# p +  54Fe Reaction cross sections
# 
# 
# # energies =    24
#    E      Cross section
 1.00000E+00 2.75694E-03
 2.00000E+00 2.00993E+00
 3.00000E+00 3.09259E+01
 4.00000E+00 1.35293E+02
 5.00000E+00 3.07625E+02
 6.00000E+00 4.87949E+02
 8.00000E+00 6.95247E+02
 1.00000E+01 7.93147E+02
 1.20000E+01 8.78074E+02
 1.40000E+01 9.39770E+02
 1.60000E+01 9.85964E+02
 1.80000E+01 1.01987E+03
 2.00000E+01 1.03613E+03
 2.50000E+01 1.03861E+03
 3.00000E+01 1.02904E+03
 3.50000E+01 1.00401E+03
 4.00000E+01 9.74585E+02
 4.50000E+01 9.45048E+02
 5.00000E+01 9.16266E+02
 6.00000E+01 8.64161E+02
 7.00000E+01 8.20328E+02
 8.00000E+01 7.84072E+02
 9.00000E+01 7.54064E+02
 1.00000E+02 7.29134E+02
