# p +  58Fe Reaction cross sections
# 
# 
# # energies =    24
#    E      Cross section
 1.00000E+00 3.33990E-03
 2.00000E+00 2.99975E+00
 3.00000E+00 5.09961E+01
 4.00000E+00 2.02487E+02
 5.00000E+00 3.91526E+02
 6.00000E+00 5.46745E+02
 8.00000E+00 7.27150E+02
 1.00000E+01 8.65135E+02
 1.20000E+01 9.64089E+02
 1.40000E+01 1.02855E+03
 1.60000E+01 1.07363E+03
 1.80000E+01 1.10045E+03
 2.00000E+01 1.11516E+03
 2.50000E+01 1.13501E+03
 3.00000E+01 1.12611E+03
 3.50000E+01 1.10205E+03
 4.00000E+01 1.07380E+03
 4.50000E+01 1.04310E+03
 5.00000E+01 1.01251E+03
 6.00000E+01 9.55634E+02
 7.00000E+01 9.06345E+02
 8.00000E+01 8.64689E+02
 9.00000E+01 8.29761E+02
 1.00000E+02 8.00421E+02
