# p +  56Fe Reaction cross sections
# 
# 
# # energies =    24
#    E      Cross section
 1.00000E+00 3.30007E-03
 2.00000E+00 2.54302E+00
 3.00000E+00 3.92283E+01
 4.00000E+00 1.61956E+02
 5.00000E+00 3.43290E+02
 6.00000E+00 5.16676E+02
 8.00000E+00 7.16909E+02
 1.00000E+01 8.31796E+02
 1.20000E+01 9.23073E+02
 1.40000E+01 9.85747E+02
 1.60000E+01 1.03243E+03
 1.80000E+01 1.06352E+03
 2.00000E+01 1.07768E+03
 2.50000E+01 1.08517E+03
 3.00000E+01 1.07675E+03
 3.50000E+01 1.05175E+03
 4.00000E+01 1.02283E+03
 4.50000E+01 9.92970E+02
 5.00000E+01 9.63455E+02
 6.00000E+01 9.09218E+02
 7.00000E+01 8.62733E+02
 8.00000E+01 8.23654E+02
 9.00000E+01 7.90964E+02
 1.00000E+02 7.63525E+02
