# p +  56Fe: Production of  57Co - Total
# Q-value    = 6.02746E+00 mass=  56.936290
# E-threshold= 0.00000E+00
# # energies =    24
#     E          xs
 1.00000E+00 2.98958E-03
 2.00000E+00 2.35966E-01
 3.00000E+00 5.34213E-01
 4.00000E+00 8.00027E-01
 5.00000E+00 1.10282E+00
 6.00000E+00 1.01541E+00
 8.00000E+00 6.33915E-01
 1.00000E+01 6.07833E-01
 1.20000E+01 7.87712E-01
 1.40000E+01 1.03109E+00
 1.60000E+01 1.18869E+00
 1.80000E+01 1.19160E+00
 2.00000E+01 1.03527E+00
 2.50000E+01 4.86675E-01
 3.00000E+01 2.56894E-01
 3.50000E+01 1.61050E-01
 4.00000E+01 1.10417E-01
 4.50000E+01 7.93993E-02
 5.00000E+01 6.62647E-02
 6.00000E+01 5.30065E-02
 7.00000E+01 4.77271E-02
 8.00000E+01 4.32665E-02
 9.00000E+01 3.86420E-02
 1.00000E+02 3.33627E-02
