# p +  56Fe: Production of  52Fe - Level 10     6.95800 MeV
# Q-value    =-4.30365E+01 mass=  51.948113
# E-threshold= 4.38115E+01
# # energies =    24
#     E          xs      Branching
 1.00000E+00 0.00000E+00 0.00000E+00
 2.00000E+00 0.00000E+00 0.00000E+00
 3.00000E+00 0.00000E+00 0.00000E+00
 4.00000E+00 0.00000E+00 0.00000E+00
 5.00000E+00 0.00000E+00 0.00000E+00
 6.00000E+00 0.00000E+00 0.00000E+00
 8.00000E+00 0.00000E+00 0.00000E+00
 1.00000E+01 0.00000E+00 0.00000E+00
 1.20000E+01 0.00000E+00 0.00000E+00
 1.40000E+01 0.00000E+00 0.00000E+00
 1.60000E+01 0.00000E+00 0.00000E+00
 1.80000E+01 0.00000E+00 0.00000E+00
 2.00000E+01 0.00000E+00 0.00000E+00
 2.50000E+01 0.00000E+00 0.00000E+00
 3.00000E+01 0.00000E+00 0.00000E+00
 3.50000E+01 0.00000E+00 0.00000E+00
 4.00000E+01 0.00000E+00 0.00000E+00
 4.50000E+01 0.00000E+00 0.00000E+00
 5.00000E+01 1.12055E-05 3.08035E-04
 6.00000E+01 5.89908E-04 1.16348E-03
 7.00000E+01 3.34914E-03 3.19126E-03
 8.00000E+01 3.30302E-03 2.79529E-03
 9.00000E+01 2.92529E-03 2.49435E-03
 1.00000E+02 2.24949E-03 1.93605E-03
