# p +  58Fe: Production of  44Sc - Level  4     0.27124 MeV
# Q-value    =-4.88102E+01 mass=  43.959403
# E-threshold= 4.96589E+01
# # energies =    24
#     E          xs      Branching
 1.00000E+00 0.00000E+00 0.00000E+00
 2.00000E+00 0.00000E+00 0.00000E+00
 3.00000E+00 0.00000E+00 0.00000E+00
 4.00000E+00 0.00000E+00 0.00000E+00
 5.00000E+00 0.00000E+00 0.00000E+00
 6.00000E+00 0.00000E+00 0.00000E+00
 8.00000E+00 0.00000E+00 0.00000E+00
 1.00000E+01 0.00000E+00 0.00000E+00
 1.20000E+01 0.00000E+00 0.00000E+00
 1.40000E+01 0.00000E+00 0.00000E+00
 1.60000E+01 0.00000E+00 0.00000E+00
 1.80000E+01 0.00000E+00 0.00000E+00
 2.00000E+01 0.00000E+00 0.00000E+00
 2.50000E+01 0.00000E+00 0.00000E+00
 3.00000E+01 0.00000E+00 0.00000E+00
 3.50000E+01 0.00000E+00 0.00000E+00
 4.00000E+01 0.00000E+00 0.00000E+00
 4.50000E+01 0.00000E+00 0.00000E+00
 5.00000E+01 0.00000E+00 0.00000E+00
 6.00000E+01 0.00000E+00 0.00000E+00
 7.00000E+01 0.00000E+00 0.00000E+00
 8.00000E+01 0.00000E+00 0.00000E+00
 9.00000E+01 2.84374E-03 2.92465E-01
 1.00000E+02 9.73286E-03 2.98478E-01
