# p +  56Fe: Production of  48Ti - Level 10     3.63300 MeV
# Q-value    =-2.05970E+01 mass=  47.947941
# E-threshold= 2.09679E+01
# # energies =    24
#     E          xs      Branching
 1.00000E+00 0.00000E+00 0.00000E+00
 2.00000E+00 0.00000E+00 0.00000E+00
 3.00000E+00 0.00000E+00 0.00000E+00
 4.00000E+00 0.00000E+00 0.00000E+00
 5.00000E+00 0.00000E+00 0.00000E+00
 6.00000E+00 0.00000E+00 0.00000E+00
 8.00000E+00 0.00000E+00 0.00000E+00
 1.00000E+01 0.00000E+00 0.00000E+00
 1.20000E+01 0.00000E+00 0.00000E+00
 1.40000E+01 0.00000E+00 0.00000E+00
 1.60000E+01 0.00000E+00 0.00000E+00
 1.80000E+01 0.00000E+00 0.00000E+00
 2.00000E+01 0.00000E+00 0.00000E+00
 2.50000E+01 0.00000E+00 0.00000E+00
 3.00000E+01 0.00000E+00 0.00000E+00
 3.50000E+01 1.28834E-07 7.81473E-06
 4.00000E+01 2.56311E-04 1.24647E-03
 4.50000E+01 2.70395E-03 9.69702E-03
 5.00000E+01 4.00110E-03 1.27687E-02
 6.00000E+01 2.12012E-03 1.11030E-02
 7.00000E+01 1.79857E-03 5.06727E-03
 8.00000E+01 6.34998E-03 7.00445E-03
 9.00000E+01 1.49990E-02 6.49605E-03
 1.00000E+02 2.63025E-02 1.09445E-02
