# p +  56Fe: Production of  52Mn - Ground state
# Q-value    =-1.31030E+01 mass=  51.945559
# E-threshold= 1.33390E+01
# # energies =    24
#     E          xs      Branching
 1.00000E+00 0.00000E+00 0.00000E+00
 2.00000E+00 0.00000E+00 0.00000E+00
 3.00000E+00 0.00000E+00 0.00000E+00
 4.00000E+00 0.00000E+00 0.00000E+00
 5.00000E+00 0.00000E+00 0.00000E+00
 6.00000E+00 0.00000E+00 0.00000E+00
 8.00000E+00 0.00000E+00 0.00000E+00
 1.00000E+01 0.00000E+00 0.00000E+00
 1.20000E+01 0.00000E+00 0.00000E+00
 1.40000E+01 0.00000E+00 0.00000E+00
 1.60000E+01 0.00000E+00 0.00000E+00
 1.80000E+01 1.89717E-03 9.42744E-01
 2.00000E+01 3.88587E-01 7.67355E-01
 2.50000E+01 1.39396E+01 4.81887E-01
 3.00000E+01 1.73536E+01 4.77665E-01
 3.50000E+01 1.06753E+01 5.14249E-01
 4.00000E+01 5.47654E+00 5.32932E-01
 4.50000E+01 3.77771E+00 5.40686E-01
 5.00000E+01 4.31553E+00 5.60485E-01
 6.00000E+01 2.33542E+01 6.07215E-01
 7.00000E+01 3.58245E+01 5.52971E-01
 8.00000E+01 3.35742E+01 4.92687E-01
 9.00000E+01 3.27979E+01 4.97961E-01
 1.00000E+02 2.94141E+01 4.84184E-01
