# p +  57Fe: Production of  58Co - Level  1     0.02495 MeV
# Q-value    = 6.92929E+00 mass=  57.935751
# E-threshold= 0.00000E+00
# # energies =    24
#     E          xs      Branching
 1.00000E+00 2.01589E-04 6.64812E-02
 2.00000E+00 1.17972E-02 5.93578E-02
 3.00000E+00 2.97101E-02 7.61979E-02
 4.00000E+00 3.30967E-02 1.10756E-01
 5.00000E+00 4.78119E-02 1.33155E-01
 6.00000E+00 6.64574E-02 1.53652E-01
 8.00000E+00 1.07322E-01 1.98301E-01
 1.00000E+01 1.66676E-01 2.49904E-01
 1.20000E+01 2.36922E-01 2.85633E-01
 1.40000E+01 2.99106E-01 2.96958E-01
 1.60000E+01 3.18894E-01 3.07068E-01
 1.80000E+01 3.00615E-01 3.17302E-01
 2.00000E+01 2.47401E-01 3.26167E-01
 2.50000E+01 1.08822E-01 3.27812E-01
 3.00000E+01 6.12751E-02 3.21538E-01
 3.50000E+01 4.14519E-02 3.21580E-01
 4.00000E+01 2.80266E-02 3.23652E-01
 4.50000E+01 2.33499E-02 3.19053E-01
 5.00000E+01 1.84896E-02 3.15407E-01
 6.00000E+01 1.48172E-02 3.16028E-01
 7.00000E+01 1.43633E-02 3.13532E-01
 8.00000E+01 1.16688E-02 3.14615E-01
 9.00000E+01 1.10844E-02 3.11032E-01
 1.00000E+02 8.36480E-03 3.10768E-01
