# p +  57Fe: Production of  52Mn - Ground state
# Q-value    =-2.07492E+01 mass=  51.945559
# E-threshold= 2.11163E+01
# # energies =    24
#     E          xs      Branching
 1.00000E+00 0.00000E+00 0.00000E+00
 2.00000E+00 0.00000E+00 0.00000E+00
 3.00000E+00 0.00000E+00 0.00000E+00
 4.00000E+00 0.00000E+00 0.00000E+00
 5.00000E+00 0.00000E+00 0.00000E+00
 6.00000E+00 0.00000E+00 0.00000E+00
 8.00000E+00 0.00000E+00 0.00000E+00
 1.00000E+01 0.00000E+00 0.00000E+00
 1.20000E+01 0.00000E+00 0.00000E+00
 1.40000E+01 0.00000E+00 0.00000E+00
 1.60000E+01 0.00000E+00 0.00000E+00
 1.80000E+01 0.00000E+00 0.00000E+00
 2.00000E+01 0.00000E+00 0.00000E+00
 2.50000E+01 0.00000E+00 0.00000E+00
 3.00000E+01 1.23340E+00 7.64532E-01
 3.50000E+01 1.05518E+01 5.87062E-01
 4.00000E+01 1.28657E+01 5.48231E-01
 4.50000E+01 9.37696E+00 5.58786E-01
 5.00000E+01 5.65195E+00 5.61908E-01
 6.00000E+01 4.31744E+00 5.81135E-01
 7.00000E+01 1.25669E+01 6.13218E-01
 8.00000E+01 1.90962E+01 5.30625E-01
 9.00000E+01 2.47663E+01 5.27137E-01
 1.00000E+02 2.64723E+01 5.24748E-01
