# p +  54Fe: Production of  53Fe - Level  5     3.04040 MeV
# Q-value    =-1.41943E+01 mass=  52.945306
# E-threshold= 1.44593E+01
# # energies =    24
#     E          xs      Branching
 1.00000E+00 0.00000E+00 0.00000E+00
 2.00000E+00 0.00000E+00 0.00000E+00
 3.00000E+00 0.00000E+00 0.00000E+00
 4.00000E+00 0.00000E+00 0.00000E+00
 5.00000E+00 0.00000E+00 0.00000E+00
 6.00000E+00 0.00000E+00 0.00000E+00
 8.00000E+00 0.00000E+00 0.00000E+00
 1.00000E+01 0.00000E+00 0.00000E+00
 1.20000E+01 0.00000E+00 0.00000E+00
 1.40000E+01 0.00000E+00 0.00000E+00
 1.60000E+01 1.18160E-03 4.03908E-05
 1.80000E+01 2.39823E-01 2.08160E-03
 2.00000E+01 1.61276E+00 7.68934E-03
 2.50000E+01 1.62220E+01 5.46030E-02
 3.00000E+01 2.27791E+01 7.86741E-02
 3.50000E+01 1.75823E+01 8.48759E-02
 4.00000E+01 1.46646E+01 8.44013E-02
 4.50000E+01 1.31390E+01 8.44566E-02
 5.00000E+01 1.17279E+01 8.37854E-02
 6.00000E+01 9.64927E+00 8.21564E-02
 7.00000E+01 8.21457E+00 8.07714E-02
 8.00000E+01 7.16203E+00 8.01433E-02
 9.00000E+01 6.01086E+00 8.12481E-02
 1.00000E+02 5.36765E+00 7.97766E-02
