# p +  56Fe: Production of  54Co - Ground state
# Q-value    =-2.95221E+01 mass=  53.948459
# E-threshold= 3.00537E+01
# # energies =    24
#     E          xs      Branching
 1.00000E+00 0.00000E+00 0.00000E+00
 2.00000E+00 0.00000E+00 0.00000E+00
 3.00000E+00 0.00000E+00 0.00000E+00
 4.00000E+00 0.00000E+00 0.00000E+00
 5.00000E+00 0.00000E+00 0.00000E+00
 6.00000E+00 0.00000E+00 0.00000E+00
 8.00000E+00 0.00000E+00 0.00000E+00
 1.00000E+01 0.00000E+00 0.00000E+00
 1.20000E+01 0.00000E+00 0.00000E+00
 1.40000E+01 0.00000E+00 0.00000E+00
 1.60000E+01 0.00000E+00 0.00000E+00
 1.80000E+01 0.00000E+00 0.00000E+00
 2.00000E+01 0.00000E+00 0.00000E+00
 2.50000E+01 0.00000E+00 0.00000E+00
 3.00000E+01 0.00000E+00 0.00000E+00
 3.50000E+01 2.34250E-01 4.30337E-01
 4.00000E+01 1.17219E+00 6.31731E-01
 4.50000E+01 9.92044E-01 6.51199E-01
 5.00000E+01 6.87371E-01 6.61797E-01
 6.00000E+01 4.37495E-01 6.69183E-01
 7.00000E+01 3.27854E-01 6.73845E-01
 8.00000E+01 2.60163E-01 6.70673E-01
 9.00000E+01 1.98481E-01 6.59756E-01
 1.00000E+02 1.75733E-01 6.65204E-01
