# p +  54Fe: Production of  54Co - Ground state
# Q-value    =-9.02690E+00 mass=  53.948459
# E-threshold= 9.19547E+00
# # energies =    24
#     E          xs      Branching
 1.00000E+00 0.00000E+00 0.00000E+00
 2.00000E+00 0.00000E+00 0.00000E+00
 3.00000E+00 0.00000E+00 0.00000E+00
 4.00000E+00 0.00000E+00 0.00000E+00
 5.00000E+00 0.00000E+00 0.00000E+00
 6.00000E+00 0.00000E+00 0.00000E+00
 8.00000E+00 0.00000E+00 0.00000E+00
 1.00000E+01 6.37502E+00 9.31793E-01
 1.20000E+01 5.70616E+01 9.17263E-01
 1.40000E+01 1.07063E+02 8.84858E-01
 1.60000E+01 9.84351E+01 8.53279E-01
 1.80000E+01 5.22179E+01 8.26919E-01
 2.00000E+01 3.04735E+01 8.19067E-01
 2.50000E+01 1.64546E+01 8.27726E-01
 3.00000E+01 1.22764E+01 8.26032E-01
 3.50000E+01 9.82256E+00 8.16902E-01
 4.00000E+01 7.64366E+00 8.16263E-01
 4.50000E+01 6.16656E+00 8.20892E-01
 5.00000E+01 5.07961E+00 8.27042E-01
 6.00000E+01 3.72095E+00 7.89005E-01
 7.00000E+01 2.70625E+00 7.93686E-01
 8.00000E+01 2.08197E+00 8.02115E-01
 9.00000E+01 1.76754E+00 8.06298E-01
 1.00000E+02 1.50227E+00 8.30263E-01
