# p +  57Fe: Production of  48Ti - Level 10     3.63300 MeV
# Q-value    =-2.60186E+01 mass=  47.947941
# E-threshold= 2.64789E+01
# # energies =    24
#     E          xs      Branching
 1.00000E+00 0.00000E+00 0.00000E+00
 2.00000E+00 0.00000E+00 0.00000E+00
 3.00000E+00 0.00000E+00 0.00000E+00
 4.00000E+00 0.00000E+00 0.00000E+00
 5.00000E+00 0.00000E+00 0.00000E+00
 6.00000E+00 0.00000E+00 0.00000E+00
 8.00000E+00 0.00000E+00 0.00000E+00
 1.00000E+01 0.00000E+00 0.00000E+00
 1.20000E+01 0.00000E+00 0.00000E+00
 1.40000E+01 0.00000E+00 0.00000E+00
 1.60000E+01 0.00000E+00 0.00000E+00
 1.80000E+01 0.00000E+00 0.00000E+00
 2.00000E+01 0.00000E+00 0.00000E+00
 2.50000E+01 0.00000E+00 0.00000E+00
 3.00000E+01 0.00000E+00 0.00000E+00
 3.50000E+01 0.00000E+00 0.00000E+00
 4.00000E+01 0.00000E+00 0.00000E+00
 4.50000E+01 3.31770E-06 8.57660E-05
 5.00000E+01 4.98148E-04 1.89514E-03
 6.00000E+01 5.05567E-03 9.65816E-03
 7.00000E+01 3.91453E-03 1.01399E-02
 8.00000E+01 4.09318E-03 8.98904E-03
 9.00000E+01 7.96265E-03 6.77410E-03
 1.00000E+02 1.86686E-02 1.12433E-02
