# p +  58Fe: Production of  58Co - Level  1     0.02495 MeV
# Q-value    =-3.11528E+00 mass=  57.935751
# E-threshold= 3.16945E+00
# # energies =    24
#     E          xs      Branching
 1.00000E+00 0.00000E+00 0.00000E+00
 2.00000E+00 0.00000E+00 0.00000E+00
 3.00000E+00 0.00000E+00 0.00000E+00
 4.00000E+00 1.24374E+01 9.68512E-02
 5.00000E+00 4.38277E+01 1.31475E-01
 6.00000E+00 6.79705E+01 1.41042E-01
 8.00000E+00 1.13341E+02 1.79280E-01
 1.00000E+01 1.60469E+02 2.20837E-01
 1.20000E+01 1.95735E+02 2.58449E-01
 1.40000E+01 1.23225E+02 2.99606E-01
 1.60000E+01 6.38540E+01 3.28181E-01
 1.80000E+01 3.64692E+01 3.38782E-01
 2.00000E+01 2.49322E+01 3.38019E-01
 2.50000E+01 1.60492E+01 3.34628E-01
 3.00000E+01 1.21131E+01 3.35623E-01
 3.50000E+01 9.25911E+00 3.32986E-01
 4.00000E+01 6.93159E+00 3.30983E-01
 4.50000E+01 5.48962E+00 3.28603E-01
 5.00000E+01 4.50677E+00 3.27727E-01
 6.00000E+01 3.20752E+00 3.27523E-01
 7.00000E+01 2.23340E+00 3.25406E-01
 8.00000E+01 1.92847E+00 3.18656E-01
 9.00000E+01 1.23788E+00 3.20698E-01
 1.00000E+02 1.06063E+00 3.13551E-01
