# p +  54Fe: Production of  52Fe - Level  5     6.95800 MeV
# Q-value    =-2.25413E+01 mass=  51.948113
# E-threshold= 2.29623E+01
# # energies =    24
#     E          xs      Branching
 1.00000E+00 0.00000E+00 0.00000E+00
 2.00000E+00 0.00000E+00 0.00000E+00
 3.00000E+00 0.00000E+00 0.00000E+00
 4.00000E+00 0.00000E+00 0.00000E+00
 5.00000E+00 0.00000E+00 0.00000E+00
 6.00000E+00 0.00000E+00 0.00000E+00
 8.00000E+00 0.00000E+00 0.00000E+00
 1.00000E+01 0.00000E+00 0.00000E+00
 1.20000E+01 0.00000E+00 0.00000E+00
 1.40000E+01 0.00000E+00 0.00000E+00
 1.60000E+01 0.00000E+00 0.00000E+00
 1.80000E+01 0.00000E+00 0.00000E+00
 2.00000E+01 0.00000E+00 0.00000E+00
 2.50000E+01 2.37461E-03 3.71284E-02
 3.00000E+01 8.95696E-02 2.98763E-02
 3.50000E+01 1.48671E-01 8.21820E-03
 4.00000E+01 1.90441E-01 9.18374E-03
 4.50000E+01 2.17366E-01 1.15108E-02
 5.00000E+01 1.66688E-01 9.83771E-03
 6.00000E+01 1.12916E-01 7.43453E-03
 7.00000E+01 1.06002E-01 7.61938E-03
 8.00000E+01 8.72826E-02 6.87094E-03
 9.00000E+01 6.80504E-02 5.72196E-03
 1.00000E+02 5.71384E-02 5.07487E-03
