# p +  54Fe: Production of  53Fe - Ground state
# Q-value    =-1.11539E+01 mass=  52.945306
# E-threshold= 1.13622E+01
# # energies =    24
#     E          xs      Branching
 1.00000E+00 0.00000E+00 0.00000E+00
 2.00000E+00 0.00000E+00 0.00000E+00
 3.00000E+00 0.00000E+00 0.00000E+00
 4.00000E+00 0.00000E+00 0.00000E+00
 5.00000E+00 0.00000E+00 0.00000E+00
 6.00000E+00 0.00000E+00 0.00000E+00
 8.00000E+00 0.00000E+00 0.00000E+00
 1.00000E+01 0.00000E+00 0.00000E+00
 1.20000E+01 0.00000E+00 0.00000E+00
 1.40000E+01 2.94077E-02 1.00000E+00
 1.60000E+01 2.92529E+01 9.99960E-01
 1.80000E+01 1.14971E+02 9.97918E-01
 2.00000E+01 2.08127E+02 9.92311E-01
 2.50000E+01 2.80868E+02 9.45397E-01
 3.00000E+01 2.66758E+02 9.21326E-01
 3.50000E+01 1.89571E+02 9.15124E-01
 4.00000E+01 1.59084E+02 9.15599E-01
 4.50000E+01 1.42432E+02 9.15543E-01
 5.00000E+01 1.28248E+02 9.16215E-01
 6.00000E+01 1.07801E+02 9.17844E-01
 7.00000E+01 9.34869E+01 9.19229E-01
 8.00000E+01 8.22032E+01 9.19857E-01
 9.00000E+01 6.79707E+01 9.18752E-01
 1.00000E+02 6.19158E+01 9.20223E-01
