# p +  56Fe: Production of  52Mn - Level  1     0.37775 MeV
# Q-value    =-1.34808E+01 mass=  51.945559
# E-threshold= 1.37236E+01
# # energies =    24
#     E          xs      Branching
 1.00000E+00 0.00000E+00 0.00000E+00
 2.00000E+00 0.00000E+00 0.00000E+00
 3.00000E+00 0.00000E+00 0.00000E+00
 4.00000E+00 0.00000E+00 0.00000E+00
 5.00000E+00 0.00000E+00 0.00000E+00
 6.00000E+00 0.00000E+00 0.00000E+00
 8.00000E+00 0.00000E+00 0.00000E+00
 1.00000E+01 0.00000E+00 0.00000E+00
 1.20000E+01 0.00000E+00 0.00000E+00
 1.40000E+01 0.00000E+00 0.00000E+00
 1.60000E+01 0.00000E+00 0.00000E+00
 1.80000E+01 1.15221E-04 5.72560E-02
 2.00000E+01 1.17811E-01 2.32645E-01
 2.50000E+01 1.49875E+01 5.18113E-01
 3.00000E+01 1.89765E+01 5.22335E-01
 3.50000E+01 1.00837E+01 4.85751E-01
 4.00000E+01 4.79972E+00 4.67068E-01
 4.50000E+01 3.20917E+00 4.59314E-01
 5.00000E+01 3.38410E+00 4.39515E-01
 6.00000E+01 1.51070E+01 3.92785E-01
 7.00000E+01 2.89610E+01 4.47029E-01
 8.00000E+01 3.45710E+01 5.07313E-01
 9.00000E+01 3.30665E+01 5.02039E-01
 1.00000E+02 3.13358E+01 5.15816E-01
