# p +  56Fe: Production of  50Mn - Level  1     0.22528 MeV
# Q-value    =-3.75555E+01 mass=  49.954238
# E-threshold= 3.82318E+01
# # energies =    24
#     E          xs      Branching
 1.00000E+00 0.00000E+00 0.00000E+00
 2.00000E+00 0.00000E+00 0.00000E+00
 3.00000E+00 0.00000E+00 0.00000E+00
 4.00000E+00 0.00000E+00 0.00000E+00
 5.00000E+00 0.00000E+00 0.00000E+00
 6.00000E+00 0.00000E+00 0.00000E+00
 8.00000E+00 0.00000E+00 0.00000E+00
 1.00000E+01 0.00000E+00 0.00000E+00
 1.20000E+01 0.00000E+00 0.00000E+00
 1.40000E+01 0.00000E+00 0.00000E+00
 1.60000E+01 0.00000E+00 0.00000E+00
 1.80000E+01 0.00000E+00 0.00000E+00
 2.00000E+01 0.00000E+00 0.00000E+00
 2.50000E+01 0.00000E+00 0.00000E+00
 3.00000E+01 0.00000E+00 0.00000E+00
 3.50000E+01 0.00000E+00 0.00000E+00
 4.00000E+01 0.00000E+00 0.00000E+00
 4.50000E+01 0.00000E+00 0.00000E+00
 5.00000E+01 1.39707E-02 7.81206E-01
 6.00000E+01 1.26324E-01 6.23252E-01
 7.00000E+01 9.06702E-02 5.95710E-01
 8.00000E+01 9.12282E-02 6.03315E-01
 9.00000E+01 1.98647E-01 6.26996E-01
 1.00000E+02 4.19374E-01 5.90256E-01
