# p +  57Fe: Production of  53Fe - Level 10     3.04040 MeV
# Q-value    =-3.60784E+01 mass=  52.945306
# E-threshold= 3.67167E+01
# # energies =    24
#     E          xs      Branching
 1.00000E+00 0.00000E+00 0.00000E+00
 2.00000E+00 0.00000E+00 0.00000E+00
 3.00000E+00 0.00000E+00 0.00000E+00
 4.00000E+00 0.00000E+00 0.00000E+00
 5.00000E+00 0.00000E+00 0.00000E+00
 6.00000E+00 0.00000E+00 0.00000E+00
 8.00000E+00 0.00000E+00 0.00000E+00
 1.00000E+01 0.00000E+00 0.00000E+00
 1.20000E+01 0.00000E+00 0.00000E+00
 1.40000E+01 0.00000E+00 0.00000E+00
 1.60000E+01 0.00000E+00 0.00000E+00
 1.80000E+01 0.00000E+00 0.00000E+00
 2.00000E+01 0.00000E+00 0.00000E+00
 2.50000E+01 0.00000E+00 0.00000E+00
 3.00000E+01 0.00000E+00 0.00000E+00
 3.50000E+01 0.00000E+00 0.00000E+00
 4.00000E+01 8.33978E-06 7.86267E-04
 4.50000E+01 8.39112E-03 7.28046E-02
 5.00000E+01 4.01727E-02 6.83493E-02
 6.00000E+01 6.40394E-01 1.14817E-01
 7.00000E+01 7.59322E-01 9.87445E-02
 8.00000E+01 6.41922E-01 8.33981E-02
 9.00000E+01 5.58716E-01 7.50514E-02
 1.00000E+02 4.72937E-01 6.63160E-02
