# p +  58Fe: Production of  52Mn - Level  1     0.37775 MeV
# Q-value    =-3.11715E+01 mass=  51.945559
# E-threshold= 3.17135E+01
# # energies =    24
#     E          xs      Branching
 1.00000E+00 0.00000E+00 0.00000E+00
 2.00000E+00 0.00000E+00 0.00000E+00
 3.00000E+00 0.00000E+00 0.00000E+00
 4.00000E+00 0.00000E+00 0.00000E+00
 5.00000E+00 0.00000E+00 0.00000E+00
 6.00000E+00 0.00000E+00 0.00000E+00
 8.00000E+00 0.00000E+00 0.00000E+00
 1.00000E+01 0.00000E+00 0.00000E+00
 1.20000E+01 0.00000E+00 0.00000E+00
 1.40000E+01 0.00000E+00 0.00000E+00
 1.60000E+01 0.00000E+00 0.00000E+00
 1.80000E+01 0.00000E+00 0.00000E+00
 2.00000E+01 0.00000E+00 0.00000E+00
 2.50000E+01 0.00000E+00 0.00000E+00
 3.00000E+01 0.00000E+00 0.00000E+00
 3.50000E+01 0.00000E+00 0.00000E+00
 4.00000E+01 1.78432E-02 1.45456E-01
 4.50000E+01 1.58001E+00 3.32780E-01
 5.00000E+01 4.46514E+00 3.86580E-01
 6.00000E+01 3.50635E+00 4.09750E-01
 7.00000E+01 2.04721E+00 3.87309E-01
 8.00000E+01 3.76024E+00 3.92360E-01
 9.00000E+01 9.30536E+00 4.06036E-01
 1.00000E+02 1.48485E+01 4.24333E-01
