# p +  56Fe: Production of  53Fe - Level 10     3.04040 MeV
# Q-value    =-2.84322E+01 mass=  52.945306
# E-threshold= 2.89442E+01
# # energies =    24
#     E          xs      Branching
 1.00000E+00 0.00000E+00 0.00000E+00
 2.00000E+00 0.00000E+00 0.00000E+00
 3.00000E+00 0.00000E+00 0.00000E+00
 4.00000E+00 0.00000E+00 0.00000E+00
 5.00000E+00 0.00000E+00 0.00000E+00
 6.00000E+00 0.00000E+00 0.00000E+00
 8.00000E+00 0.00000E+00 0.00000E+00
 1.00000E+01 0.00000E+00 0.00000E+00
 1.20000E+01 0.00000E+00 0.00000E+00
 1.40000E+01 0.00000E+00 0.00000E+00
 1.60000E+01 0.00000E+00 0.00000E+00
 1.80000E+01 0.00000E+00 0.00000E+00
 2.00000E+01 0.00000E+00 0.00000E+00
 2.50000E+01 0.00000E+00 0.00000E+00
 3.00000E+01 0.00000E+00 0.00000E+00
 3.50000E+01 5.15383E-03 2.64063E-02
 4.00000E+01 3.53460E-02 2.71358E-02
 4.50000E+01 4.27226E-01 4.80775E-02
 5.00000E+01 1.70832E+00 9.35090E-02
 6.00000E+01 1.90132E+00 9.22534E-02
 7.00000E+01 1.28184E+00 7.19602E-02
 8.00000E+01 1.07756E+00 6.57353E-02
 9.00000E+01 8.80346E-01 6.06050E-02
 1.00000E+02 8.44238E-01 6.03218E-02
