# p +  56Fe: Production of  54Co - Level  1     0.19700 MeV
# Q-value    =-2.97191E+01 mass=  53.948459
# E-threshold= 3.02543E+01
# # energies =    24
#     E          xs      Branching
 1.00000E+00 0.00000E+00 0.00000E+00
 2.00000E+00 0.00000E+00 0.00000E+00
 3.00000E+00 0.00000E+00 0.00000E+00
 4.00000E+00 0.00000E+00 0.00000E+00
 5.00000E+00 0.00000E+00 0.00000E+00
 6.00000E+00 0.00000E+00 0.00000E+00
 8.00000E+00 0.00000E+00 0.00000E+00
 1.00000E+01 0.00000E+00 0.00000E+00
 1.20000E+01 0.00000E+00 0.00000E+00
 1.40000E+01 0.00000E+00 0.00000E+00
 1.60000E+01 0.00000E+00 0.00000E+00
 1.80000E+01 0.00000E+00 0.00000E+00
 2.00000E+01 0.00000E+00 0.00000E+00
 2.50000E+01 0.00000E+00 0.00000E+00
 3.00000E+01 0.00000E+00 0.00000E+00
 3.50000E+01 3.10091E-01 5.69663E-01
 4.00000E+01 6.83328E-01 3.68269E-01
 4.50000E+01 5.31367E-01 3.48801E-01
 5.00000E+01 3.51272E-01 3.38203E-01
 6.00000E+01 2.16280E-01 3.30817E-01
 7.00000E+01 1.58688E-01 3.26155E-01
 8.00000E+01 1.27750E-01 3.29327E-01
 9.00000E+01 1.02359E-01 3.40244E-01
 1.00000E+02 8.84459E-02 3.34796E-01
