# p +  57Fe: Production of  58Co - Total
# Q-value    = 6.95424E+00 mass=  57.935751
# E-threshold= 0.00000E+00
# # energies =    24
#     E          xs
 1.00000E+00 3.03227E-03
 2.00000E+00 1.98747E-01
 3.00000E+00 3.89908E-01
 4.00000E+00 2.98826E-01
 5.00000E+00 3.59070E-01
 6.00000E+00 4.32520E-01
 8.00000E+00 5.41210E-01
 1.00000E+01 6.66963E-01
 1.20000E+01 8.29461E-01
 1.40000E+01 1.00723E+00
 1.60000E+01 1.03851E+00
 1.80000E+01 9.47411E-01
 2.00000E+01 7.58511E-01
 2.50000E+01 3.31966E-01
 3.00000E+01 1.90569E-01
 3.50000E+01 1.28901E-01
 4.00000E+01 8.65951E-02
 4.50000E+01 7.31850E-02
 5.00000E+01 5.86214E-02
 6.00000E+01 4.68858E-02
 7.00000E+01 4.58113E-02
 8.00000E+01 3.70893E-02
 9.00000E+01 3.56374E-02
 1.00000E+02 2.69165E-02
