# p +  54Fe: Production of  52Mn - Level  1     0.37775 MeV
# Q-value    =-1.35632E+01 mass=  51.945559
# E-threshold= 1.38165E+01
# # energies =    24
#     E          xs      Branching
 1.00000E+00 0.00000E+00 0.00000E+00
 2.00000E+00 0.00000E+00 0.00000E+00
 3.00000E+00 0.00000E+00 0.00000E+00
 4.00000E+00 0.00000E+00 0.00000E+00
 5.00000E+00 0.00000E+00 0.00000E+00
 6.00000E+00 0.00000E+00 0.00000E+00
 8.00000E+00 0.00000E+00 0.00000E+00
 1.00000E+01 0.00000E+00 0.00000E+00
 1.20000E+01 0.00000E+00 0.00000E+00
 1.40000E+01 0.00000E+00 0.00000E+00
 1.60000E+01 0.00000E+00 0.00000E+00
 1.80000E+01 0.00000E+00 0.00000E+00
 2.00000E+01 2.20855E-03 4.57710E-01
 2.50000E+01 8.27849E-01 4.93523E-01
 3.00000E+01 2.26270E+01 3.39233E-01
 3.50000E+01 8.64381E+01 3.63450E-01
 4.00000E+01 1.20035E+02 3.92880E-01
 4.50000E+01 1.06277E+02 4.01468E-01
 5.00000E+01 8.90265E+01 4.12377E-01
 6.00000E+01 7.38502E+01 4.17550E-01
 7.00000E+01 6.51235E+01 4.16897E-01
 8.00000E+01 6.00504E+01 4.25029E-01
 9.00000E+01 5.57163E+01 4.25172E-01
 1.00000E+02 4.89086E+01 4.32364E-01
