# p +  57Fe: Production of  54Mn - Total
# Q-value    = 2.40288E-01 mass=  53.940356
# E-threshold= 0.00000E+00
# # energies =    24
#     E          xs
 1.00000E+00 1.00000E-07
 2.00000E+00 1.00000E-07
 3.00000E+00 1.00000E-07
 4.00000E+00 1.15498E-03
 5.00000E+00 4.05251E-02
 6.00000E+00 5.40240E-01
 8.00000E+00 9.16348E+00
 1.00000E+01 2.64875E+01
 1.20000E+01 4.09917E+01
 1.40000E+01 5.02230E+01
 1.60000E+01 5.30974E+01
 1.80000E+01 3.89371E+01
 2.00000E+01 2.25333E+01
 2.50000E+01 8.62403E+00
 3.00000E+01 5.25677E+00
 3.50000E+01 9.05462E+00
 4.00000E+01 3.75076E+01
 4.50000E+01 8.92251E+01
 5.00000E+01 1.20337E+02
 6.00000E+01 1.10078E+02
 7.00000E+01 9.22378E+01
 8.00000E+01 7.90100E+01
 9.00000E+01 7.27357E+01
 1.00000E+02 6.58198E+01
