# p +  58Fe: Production of  58Co - Ground state
# Q-value    =-3.09033E+00 mass=  57.935751
# E-threshold= 3.14406E+00
# # energies =    24
#     E          xs      Branching
 1.00000E+00 0.00000E+00 0.00000E+00
 2.00000E+00 0.00000E+00 0.00000E+00
 3.00000E+00 0.00000E+00 0.00000E+00
 4.00000E+00 1.15981E+02 9.03149E-01
 5.00000E+00 2.89526E+02 8.68525E-01
 6.00000E+00 4.13946E+02 8.58958E-01
 8.00000E+00 5.18860E+02 8.20720E-01
 1.00000E+01 5.66172E+02 7.79163E-01
 1.20000E+01 5.61610E+02 7.41551E-01
 1.40000E+01 2.88065E+02 7.00394E-01
 1.60000E+01 1.30716E+02 6.71819E-01
 1.80000E+01 7.11786E+01 6.61218E-01
 2.00000E+01 4.88276E+01 6.61981E-01
 2.50000E+01 3.19121E+01 6.65372E-01
 3.00000E+01 2.39782E+01 6.64377E-01
 3.50000E+01 1.85472E+01 6.67014E-01
 4.00000E+01 1.40109E+01 6.69017E-01
 4.50000E+01 1.12163E+01 6.71397E-01
 5.00000E+01 9.24481E+00 6.72273E-01
 6.00000E+01 6.58574E+00 6.72477E-01
 7.00000E+01 4.63002E+00 6.74594E-01
 8.00000E+01 4.12341E+00 6.81344E-01
 9.00000E+01 2.62208E+00 6.79302E-01
 1.00000E+02 2.32202E+00 6.86449E-01
