# p +  54Fe: Production of  48Ti - Ground state
# Q-value    =-2.47645E+01 mass=  47.947941
# E-threshold= 2.52270E+01
# # energies =    24
#     E          xs      Branching
 1.00000E+00 0.00000E+00 0.00000E+00
 2.00000E+00 0.00000E+00 0.00000E+00
 3.00000E+00 0.00000E+00 0.00000E+00
 4.00000E+00 0.00000E+00 0.00000E+00
 5.00000E+00 0.00000E+00 0.00000E+00
 6.00000E+00 0.00000E+00 0.00000E+00
 8.00000E+00 0.00000E+00 0.00000E+00
 1.00000E+01 0.00000E+00 0.00000E+00
 1.20000E+01 0.00000E+00 0.00000E+00
 1.40000E+01 0.00000E+00 0.00000E+00
 1.60000E+01 0.00000E+00 0.00000E+00
 1.80000E+01 0.00000E+00 0.00000E+00
 2.00000E+01 0.00000E+00 0.00000E+00
 2.50000E+01 0.00000E+00 0.00000E+00
 3.00000E+01 0.00000E+00 0.00000E+00
 3.50000E+01 0.00000E+00 0.00000E+00
 4.00000E+01 0.00000E+00 0.00000E+00
 4.50000E+01 2.65581E-01 9.99966E-01
 5.00000E+01 1.76627E+00 9.99154E-01
 6.00000E+01 2.24063E+00 9.92563E-01
 7.00000E+01 1.47784E+00 9.91348E-01
 8.00000E+01 1.52637E+00 9.92956E-01
 9.00000E+01 2.55886E+00 9.93859E-01
 1.00000E+02 5.26158E+00 9.94086E-01
