# p +  57Fe: Production of  48Ti - Ground state
# Q-value    =-2.23856E+01 mass=  47.947941
# E-threshold= 2.27817E+01
# # energies =    24
#     E          xs      Branching
 1.00000E+00 0.00000E+00 0.00000E+00
 2.00000E+00 0.00000E+00 0.00000E+00
 3.00000E+00 0.00000E+00 0.00000E+00
 4.00000E+00 0.00000E+00 0.00000E+00
 5.00000E+00 0.00000E+00 0.00000E+00
 6.00000E+00 0.00000E+00 0.00000E+00
 8.00000E+00 0.00000E+00 0.00000E+00
 1.00000E+01 0.00000E+00 0.00000E+00
 1.20000E+01 0.00000E+00 0.00000E+00
 1.40000E+01 0.00000E+00 0.00000E+00
 1.60000E+01 0.00000E+00 0.00000E+00
 1.80000E+01 0.00000E+00 0.00000E+00
 2.00000E+01 0.00000E+00 0.00000E+00
 2.50000E+01 0.00000E+00 0.00000E+00
 3.00000E+01 0.00000E+00 0.00000E+00
 3.50000E+01 0.00000E+00 0.00000E+00
 4.00000E+01 0.00000E+00 0.00000E+00
 4.50000E+01 3.86798E-02 9.99914E-01
 5.00000E+01 2.62357E-01 9.98105E-01
 6.00000E+01 5.18405E-01 9.90342E-01
 7.00000E+01 3.82139E-01 9.89860E-01
 8.00000E+01 4.51258E-01 9.91011E-01
 9.00000E+01 1.16749E+00 9.93226E-01
 1.00000E+02 1.64175E+00 9.88757E-01
