# p +  57Fe: Production of  54Co - Ground state
# Q-value    =-3.71683E+01 mass=  53.948459
# E-threshold= 3.78258E+01
# # energies =    24
#     E          xs      Branching
 1.00000E+00 0.00000E+00 0.00000E+00
 2.00000E+00 0.00000E+00 0.00000E+00
 3.00000E+00 0.00000E+00 0.00000E+00
 4.00000E+00 0.00000E+00 0.00000E+00
 5.00000E+00 0.00000E+00 0.00000E+00
 6.00000E+00 0.00000E+00 0.00000E+00
 8.00000E+00 0.00000E+00 0.00000E+00
 1.00000E+01 0.00000E+00 0.00000E+00
 1.20000E+01 0.00000E+00 0.00000E+00
 1.40000E+01 0.00000E+00 0.00000E+00
 1.60000E+01 0.00000E+00 0.00000E+00
 1.80000E+01 0.00000E+00 0.00000E+00
 2.00000E+01 0.00000E+00 0.00000E+00
 2.50000E+01 0.00000E+00 0.00000E+00
 3.00000E+01 0.00000E+00 0.00000E+00
 3.50000E+01 0.00000E+00 0.00000E+00
 4.00000E+01 1.65071E-04 8.43972E-02
 4.50000E+01 4.73807E-02 4.05982E-01
 5.00000E+01 1.82209E-01 5.58270E-01
 6.00000E+01 1.45830E-01 6.20732E-01
 7.00000E+01 9.41844E-02 6.51071E-01
 8.00000E+01 6.98003E-02 6.61451E-01
 9.00000E+01 5.64387E-02 6.70564E-01
 1.00000E+02 4.24875E-02 6.61974E-01
