# p +  58Fe: Production of  59Co - Total
# Q-value    = 7.36354E+00 mass=  58.933194
# E-threshold= 0.00000E+00
# # energies =    24
#     E          xs
 1.00000E+00 3.24350E-03
 2.00000E+00 6.33279E-01
 3.00000E+00 1.95610E+00
 4.00000E+00 4.59036E-01
 5.00000E+00 2.94378E-01
 6.00000E+00 2.85164E-01
 8.00000E+00 3.56552E-01
 1.00000E+01 5.24451E-01
 1.20000E+01 6.90226E-01
 1.40000E+01 8.12700E-01
 1.60000E+01 8.67196E-01
 1.80000E+01 8.48870E-01
 2.00000E+01 7.32910E-01
 2.50000E+01 4.19812E-01
 3.00000E+01 2.58934E-01
 3.50000E+01 1.81259E-01
 4.00000E+01 1.28581E-01
 4.50000E+01 9.75634E-02
 5.00000E+01 8.32072E-02
 6.00000E+01 6.45676E-02
 7.00000E+01 5.49616E-02
 8.00000E+01 4.78326E-02
 9.00000E+01 4.17351E-02
 1.00000E+02 3.93525E-02
