# p +  56Fe: Production of  53Fe - Ground state
# Q-value    =-2.53918E+01 mass=  52.945306
# E-threshold= 2.58491E+01
# # energies =    24
#     E          xs      Branching
 1.00000E+00 0.00000E+00 0.00000E+00
 2.00000E+00 0.00000E+00 0.00000E+00
 3.00000E+00 0.00000E+00 0.00000E+00
 4.00000E+00 0.00000E+00 0.00000E+00
 5.00000E+00 0.00000E+00 0.00000E+00
 6.00000E+00 0.00000E+00 0.00000E+00
 8.00000E+00 0.00000E+00 0.00000E+00
 1.00000E+01 0.00000E+00 0.00000E+00
 1.20000E+01 0.00000E+00 0.00000E+00
 1.40000E+01 0.00000E+00 0.00000E+00
 1.60000E+01 0.00000E+00 0.00000E+00
 1.80000E+01 0.00000E+00 0.00000E+00
 2.00000E+01 0.00000E+00 0.00000E+00
 2.50000E+01 0.00000E+00 0.00000E+00
 3.00000E+01 4.32018E-03 1.00000E+00
 3.50000E+01 1.90021E-01 9.73594E-01
 4.00000E+01 1.26721E+00 9.72864E-01
 4.50000E+01 8.45897E+00 9.51923E-01
 5.00000E+01 1.65607E+01 9.06491E-01
 6.00000E+01 1.87084E+01 9.07747E-01
 7.00000E+01 1.65314E+01 9.28040E-01
 8.00000E+01 1.53149E+01 9.34265E-01
 9.00000E+01 1.36456E+01 9.39395E-01
 1.00000E+02 1.31513E+01 9.39678E-01
