# p +  57Fe: Production of  53Fe - Ground state
# Q-value    =-3.30380E+01 mass=  52.945306
# E-threshold= 3.36225E+01
# # energies =    24
#     E          xs      Branching
 1.00000E+00 0.00000E+00 0.00000E+00
 2.00000E+00 0.00000E+00 0.00000E+00
 3.00000E+00 0.00000E+00 0.00000E+00
 4.00000E+00 0.00000E+00 0.00000E+00
 5.00000E+00 0.00000E+00 0.00000E+00
 6.00000E+00 0.00000E+00 0.00000E+00
 8.00000E+00 0.00000E+00 0.00000E+00
 1.00000E+01 0.00000E+00 0.00000E+00
 1.20000E+01 0.00000E+00 0.00000E+00
 1.40000E+01 0.00000E+00 0.00000E+00
 1.60000E+01 0.00000E+00 0.00000E+00
 1.80000E+01 0.00000E+00 0.00000E+00
 2.00000E+01 0.00000E+00 0.00000E+00
 2.50000E+01 0.00000E+00 0.00000E+00
 3.00000E+01 0.00000E+00 0.00000E+00
 3.50000E+01 0.00000E+00 0.00000E+00
 4.00000E+01 1.05985E-02 9.99214E-01
 4.50000E+01 1.06864E-01 9.27195E-01
 5.00000E+01 5.47583E-01 9.31651E-01
 6.00000E+01 4.93712E+00 8.85183E-01
 7.00000E+01 6.93045E+00 9.01255E-01
 8.00000E+01 7.05516E+00 9.16602E-01
 9.00000E+01 6.88573E+00 9.24949E-01
 1.00000E+02 6.65864E+00 9.33684E-01
