# p +  57Fe: Production of  52Mn - Level  1     0.37775 MeV
# Q-value    =-2.11270E+01 mass=  51.945559
# E-threshold= 2.15007E+01
# # energies =    24
#     E          xs      Branching
 1.00000E+00 0.00000E+00 0.00000E+00
 2.00000E+00 0.00000E+00 0.00000E+00
 3.00000E+00 0.00000E+00 0.00000E+00
 4.00000E+00 0.00000E+00 0.00000E+00
 5.00000E+00 0.00000E+00 0.00000E+00
 6.00000E+00 0.00000E+00 0.00000E+00
 8.00000E+00 0.00000E+00 0.00000E+00
 1.00000E+01 0.00000E+00 0.00000E+00
 1.20000E+01 0.00000E+00 0.00000E+00
 1.40000E+01 0.00000E+00 0.00000E+00
 1.60000E+01 0.00000E+00 0.00000E+00
 1.80000E+01 0.00000E+00 0.00000E+00
 2.00000E+01 0.00000E+00 0.00000E+00
 2.50000E+01 0.00000E+00 0.00000E+00
 3.00000E+01 3.79874E-01 2.35468E-01
 3.50000E+01 7.42210E+00 4.12938E-01
 4.00000E+01 1.06019E+01 4.51769E-01
 4.50000E+01 7.40400E+00 4.41214E-01
 5.00000E+01 4.40654E+00 4.38092E-01
 6.00000E+01 3.11188E+00 4.18865E-01
 7.00000E+01 7.92646E+00 3.86782E-01
 8.00000E+01 1.68919E+01 4.69375E-01
 9.00000E+01 2.22164E+01 4.72863E-01
 1.00000E+02 2.39754E+01 4.75252E-01
