# p +  56Fe: Production of  52Fe - Ground state
# Q-value    =-3.60785E+01 mass=  51.948113
# E-threshold= 3.67282E+01
# # energies =    24
#     E          xs      Branching
 1.00000E+00 0.00000E+00 0.00000E+00
 2.00000E+00 0.00000E+00 0.00000E+00
 3.00000E+00 0.00000E+00 0.00000E+00
 4.00000E+00 0.00000E+00 0.00000E+00
 5.00000E+00 0.00000E+00 0.00000E+00
 6.00000E+00 0.00000E+00 0.00000E+00
 8.00000E+00 0.00000E+00 0.00000E+00
 1.00000E+01 0.00000E+00 0.00000E+00
 1.20000E+01 0.00000E+00 0.00000E+00
 1.40000E+01 0.00000E+00 0.00000E+00
 1.60000E+01 0.00000E+00 0.00000E+00
 1.80000E+01 0.00000E+00 0.00000E+00
 2.00000E+01 0.00000E+00 0.00000E+00
 2.50000E+01 0.00000E+00 0.00000E+00
 3.00000E+01 0.00000E+00 0.00000E+00
 3.50000E+01 0.00000E+00 0.00000E+00
 4.00000E+01 0.00000E+00 0.00000E+00
 4.50000E+01 7.58515E-03 1.00000E+00
 5.00000E+01 3.63661E-02 9.99692E-01
 6.00000E+01 5.06432E-01 9.98837E-01
 7.00000E+01 1.04612E+00 9.96809E-01
 8.00000E+01 1.17833E+00 9.97205E-01
 9.00000E+01 1.16984E+00 9.97506E-01
 1.00000E+02 1.15965E+00 9.98064E-01
