# p +  54Fe: Production of  52Mn - Ground state
# Q-value    =-1.31855E+01 mass=  51.945559
# E-threshold= 1.34317E+01
# # energies =    24
#     E          xs      Branching
 1.00000E+00 0.00000E+00 0.00000E+00
 2.00000E+00 0.00000E+00 0.00000E+00
 3.00000E+00 0.00000E+00 0.00000E+00
 4.00000E+00 0.00000E+00 0.00000E+00
 5.00000E+00 0.00000E+00 0.00000E+00
 6.00000E+00 0.00000E+00 0.00000E+00
 8.00000E+00 0.00000E+00 0.00000E+00
 1.00000E+01 0.00000E+00 0.00000E+00
 1.20000E+01 0.00000E+00 0.00000E+00
 1.40000E+01 0.00000E+00 0.00000E+00
 1.60000E+01 0.00000E+00 0.00000E+00
 1.80000E+01 0.00000E+00 0.00000E+00
 2.00000E+01 2.61667E-03 5.42290E-01
 2.50000E+01 8.49579E-01 5.06477E-01
 3.00000E+01 4.40733E+01 6.60767E-01
 3.50000E+01 1.51389E+02 6.36550E-01
 4.00000E+01 1.85492E+02 6.07120E-01
 4.50000E+01 1.58444E+02 5.98532E-01
 5.00000E+01 1.26859E+02 5.87623E-01
 6.00000E+01 1.03015E+02 5.82450E-01
 7.00000E+01 9.10866E+01 5.83103E-01
 8.00000E+01 8.12352E+01 5.74971E-01
 9.00000E+01 7.53280E+01 5.74829E-01
 1.00000E+02 6.42103E+01 5.67636E-01
