# p +  54Fe: Production of  52Fe - Ground state
# Q-value    =-1.55833E+01 mass=  51.948113
# E-threshold= 1.58744E+01
# # energies =    24
#     E          xs      Branching
 1.00000E+00 0.00000E+00 0.00000E+00
 2.00000E+00 0.00000E+00 0.00000E+00
 3.00000E+00 0.00000E+00 0.00000E+00
 4.00000E+00 0.00000E+00 0.00000E+00
 5.00000E+00 0.00000E+00 0.00000E+00
 6.00000E+00 0.00000E+00 0.00000E+00
 8.00000E+00 0.00000E+00 0.00000E+00
 1.00000E+01 0.00000E+00 0.00000E+00
 1.20000E+01 0.00000E+00 0.00000E+00
 1.40000E+01 0.00000E+00 0.00000E+00
 1.60000E+01 0.00000E+00 0.00000E+00
 1.80000E+01 0.00000E+00 0.00000E+00
 2.00000E+01 8.46015E-03 1.00000E+00
 2.50000E+01 6.15822E-02 9.62872E-01
 3.00000E+01 2.90844E+00 9.70124E-01
 3.50000E+01 1.79418E+01 9.91782E-01
 4.00000E+01 2.05463E+01 9.90816E-01
 4.50000E+01 1.86662E+01 9.88489E-01
 5.00000E+01 1.67771E+01 9.90162E-01
 6.00000E+01 1.50752E+01 9.92565E-01
 7.00000E+01 1.38061E+01 9.92381E-01
 8.00000E+01 1.26159E+01 9.93129E-01
 9.00000E+01 1.18248E+01 9.94278E-01
 1.00000E+02 1.12019E+01 9.94925E-01
