# p +  54Fe: Production of  54Co - Level  1     0.19700 MeV
# Q-value    =-9.22390E+00 mass=  53.948459
# E-threshold= 9.39615E+00
# # energies =    24
#     E          xs      Branching
 1.00000E+00 0.00000E+00 0.00000E+00
 2.00000E+00 0.00000E+00 0.00000E+00
 3.00000E+00 0.00000E+00 0.00000E+00
 4.00000E+00 0.00000E+00 0.00000E+00
 5.00000E+00 0.00000E+00 0.00000E+00
 6.00000E+00 0.00000E+00 0.00000E+00
 8.00000E+00 0.00000E+00 0.00000E+00
 1.00000E+01 4.66650E-01 6.82069E-02
 1.20000E+01 5.14697E+00 8.27374E-02
 1.40000E+01 1.39316E+01 1.15142E-01
 1.60000E+01 1.69259E+01 1.46721E-01
 1.80000E+01 1.09296E+01 1.73081E-01
 2.00000E+01 6.73161E+00 1.80933E-01
 2.50000E+01 3.42469E+00 1.72274E-01
 3.00000E+01 2.58548E+00 1.73968E-01
 3.50000E+01 2.20160E+00 1.83098E-01
 4.00000E+01 1.72056E+00 1.83737E-01
 4.50000E+01 1.34547E+00 1.79108E-01
 5.00000E+01 1.06229E+00 1.72958E-01
 6.00000E+01 9.95053E-01 2.10995E-01
 7.00000E+01 7.03474E-01 2.06314E-01
 8.00000E+01 5.13630E-01 1.97885E-01
 9.00000E+01 4.24628E-01 1.93702E-01
 1.00000E+02 3.07120E-01 1.69737E-01
