# p +  57Fe: Production of  54Co - Level  1     0.19700 MeV
# Q-value    =-3.73653E+01 mass=  53.948459
# E-threshold= 3.80263E+01
# # energies =    24
#     E          xs      Branching
 1.00000E+00 0.00000E+00 0.00000E+00
 2.00000E+00 0.00000E+00 0.00000E+00
 3.00000E+00 0.00000E+00 0.00000E+00
 4.00000E+00 0.00000E+00 0.00000E+00
 5.00000E+00 0.00000E+00 0.00000E+00
 6.00000E+00 0.00000E+00 0.00000E+00
 8.00000E+00 0.00000E+00 0.00000E+00
 1.00000E+01 0.00000E+00 0.00000E+00
 1.20000E+01 0.00000E+00 0.00000E+00
 1.40000E+01 0.00000E+00 0.00000E+00
 1.60000E+01 0.00000E+00 0.00000E+00
 1.80000E+01 0.00000E+00 0.00000E+00
 2.00000E+01 0.00000E+00 0.00000E+00
 2.50000E+01 0.00000E+00 0.00000E+00
 3.00000E+01 0.00000E+00 0.00000E+00
 3.50000E+01 0.00000E+00 0.00000E+00
 4.00000E+01 1.79082E-03 9.15603E-01
 4.50000E+01 6.93256E-02 5.94018E-01
 5.00000E+01 1.44172E-01 4.41730E-01
 6.00000E+01 8.91023E-02 3.79268E-01
 7.00000E+01 5.04764E-02 3.48929E-01
 8.00000E+01 3.57257E-02 3.38549E-01
 9.00000E+01 2.77273E-02 3.29436E-01
 1.00000E+02 2.16955E-02 3.38026E-01
