# p +  58Fe: Production of  52Mn - Ground state
# Q-value    =-3.07938E+01 mass=  51.945559
# E-threshold= 3.13292E+01
# # energies =    24
#     E          xs      Branching
 1.00000E+00 0.00000E+00 0.00000E+00
 2.00000E+00 0.00000E+00 0.00000E+00
 3.00000E+00 0.00000E+00 0.00000E+00
 4.00000E+00 0.00000E+00 0.00000E+00
 5.00000E+00 0.00000E+00 0.00000E+00
 6.00000E+00 0.00000E+00 0.00000E+00
 8.00000E+00 0.00000E+00 0.00000E+00
 1.00000E+01 0.00000E+00 0.00000E+00
 1.20000E+01 0.00000E+00 0.00000E+00
 1.40000E+01 0.00000E+00 0.00000E+00
 1.60000E+01 0.00000E+00 0.00000E+00
 1.80000E+01 0.00000E+00 0.00000E+00
 2.00000E+01 0.00000E+00 0.00000E+00
 2.50000E+01 0.00000E+00 0.00000E+00
 3.00000E+01 0.00000E+00 0.00000E+00
 3.50000E+01 0.00000E+00 0.00000E+00
 4.00000E+01 1.04828E-01 8.54544E-01
 4.50000E+01 3.16789E+00 6.67220E-01
 5.00000E+01 7.08522E+00 6.13420E-01
 6.00000E+01 5.05094E+00 5.90250E-01
 7.00000E+01 3.23852E+00 6.12691E-01
 8.00000E+01 5.82341E+00 6.07640E-01
 9.00000E+01 1.36122E+01 5.93964E-01
 1.00000E+02 2.01441E+01 5.75667E-01
