# p +  54Fe: Production of  55Co - Total
# Q-value    = 5.06435E+00 mass=  54.941996
# E-threshold= 0.00000E+00
# # energies =    24
#     E          xs
 1.00000E+00 1.77407E-03
 2.00000E+00 5.13451E-02
 3.00000E+00 1.38892E-01
 4.00000E+00 1.88559E-01
 5.00000E+00 2.22156E-01
 6.00000E+00 2.75898E-01
 8.00000E+00 3.14871E-01
 1.00000E+01 3.16068E-01
 1.20000E+01 4.07354E-01
 1.40000E+01 6.53104E-01
 1.60000E+01 9.20460E-01
 1.80000E+01 1.03052E+00
 2.00000E+01 8.99701E-01
 2.50000E+01 3.93737E-01
 3.00000E+01 2.12614E-01
 3.50000E+01 1.41373E-01
 4.00000E+01 9.85338E-02
 4.50000E+01 7.29240E-02
 5.00000E+01 6.02976E-02
 6.00000E+01 4.47175E-02
 7.00000E+01 3.85317E-02
 8.00000E+01 3.48947E-02
 9.00000E+01 3.06022E-02
 1.00000E+02 2.58346E-02
