# p +  54Fe: Production of  50Mn - Level  1     0.22528 MeV
# Q-value    =-1.70603E+01 mass=  49.954238
# E-threshold= 1.73789E+01
# # energies =    24
#     E          xs      Branching
 1.00000E+00 0.00000E+00 0.00000E+00
 2.00000E+00 0.00000E+00 0.00000E+00
 3.00000E+00 0.00000E+00 0.00000E+00
 4.00000E+00 0.00000E+00 0.00000E+00
 5.00000E+00 0.00000E+00 0.00000E+00
 6.00000E+00 0.00000E+00 0.00000E+00
 8.00000E+00 0.00000E+00 0.00000E+00
 1.00000E+01 0.00000E+00 0.00000E+00
 1.20000E+01 0.00000E+00 0.00000E+00
 1.40000E+01 0.00000E+00 0.00000E+00
 1.60000E+01 0.00000E+00 0.00000E+00
 1.80000E+01 0.00000E+00 0.00000E+00
 2.00000E+01 0.00000E+00 0.00000E+00
 2.50000E+01 9.46615E-02 7.24935E-01
 3.00000E+01 1.90846E+00 5.35664E-01
 3.50000E+01 2.19828E+00 5.12775E-01
 4.00000E+01 1.12589E+00 5.15524E-01
 4.50000E+01 6.95725E-01 5.11886E-01
 5.00000E+01 5.44039E-01 5.11190E-01
 6.00000E+01 8.16831E-01 5.67364E-01
 7.00000E+01 1.94708E+00 5.63856E-01
 8.00000E+01 2.43845E+00 5.50954E-01
 9.00000E+01 2.52754E+00 5.22055E-01
 1.00000E+02 2.59633E+00 5.02035E-01
