# p +  54Fe: Production of  48Ti - Level 10     3.63300 MeV
# Q-value    =-2.83975E+01 mass=  47.947941
# E-threshold= 2.89278E+01
# # energies =    24
#     E          xs      Branching
 1.00000E+00 0.00000E+00 0.00000E+00
 2.00000E+00 0.00000E+00 0.00000E+00
 3.00000E+00 0.00000E+00 0.00000E+00
 4.00000E+00 0.00000E+00 0.00000E+00
 5.00000E+00 0.00000E+00 0.00000E+00
 6.00000E+00 0.00000E+00 0.00000E+00
 8.00000E+00 0.00000E+00 0.00000E+00
 1.00000E+01 0.00000E+00 0.00000E+00
 1.20000E+01 0.00000E+00 0.00000E+00
 1.40000E+01 0.00000E+00 0.00000E+00
 1.60000E+01 0.00000E+00 0.00000E+00
 1.80000E+01 0.00000E+00 0.00000E+00
 2.00000E+01 0.00000E+00 0.00000E+00
 2.50000E+01 0.00000E+00 0.00000E+00
 3.00000E+01 0.00000E+00 0.00000E+00
 3.50000E+01 0.00000E+00 0.00000E+00
 4.00000E+01 0.00000E+00 0.00000E+00
 4.50000E+01 9.07567E-06 3.41718E-05
 5.00000E+01 1.49618E-03 8.46367E-04
 6.00000E+01 1.67893E-02 7.43739E-03
 7.00000E+01 1.28983E-02 8.65230E-03
 8.00000E+01 1.08283E-02 7.04414E-03
 9.00000E+01 1.58099E-02 6.14054E-03
 1.00000E+02 3.13007E-02 5.91373E-03
