# p +  58Fe: Production of  55Mn - Total
# Q-value    = 4.21329E-01 mass=  54.938043
# E-threshold= 0.00000E+00
# # energies =    24
#     E          xs
 1.00000E+00 1.00000E-07
 2.00000E+00 1.00000E-07
 3.00000E+00 1.00000E-07
 4.00000E+00 3.92041E-03
 5.00000E+00 6.97127E-02
 6.00000E+00 5.76663E-01
 8.00000E+00 5.11917E+00
 1.00000E+01 1.51150E+01
 1.20000E+01 2.68705E+01
 1.40000E+01 3.32889E+01
 1.60000E+01 3.64015E+01
 1.80000E+01 3.17792E+01
 2.00000E+01 1.91588E+01
 2.50000E+01 6.52824E+00
 3.00000E+01 3.86313E+00
 3.50000E+01 6.46982E+00
 4.00000E+01 2.07797E+01
 4.50000E+01 4.72744E+01
 5.00000E+01 7.02499E+01
 6.00000E+01 7.26995E+01
 7.00000E+01 6.62629E+01
 8.00000E+01 6.54743E+01
 9.00000E+01 5.54968E+01
 1.00000E+02 5.25973E+01
