# p +  57Fe: Production of  46Sc - Level  2     0.14253 MeV
# Q-value    =-1.85487E+01 mass=  45.955167
# E-threshold= 1.88768E+01
# # energies =    24
#     E          xs      Branching
 1.00000E+00 0.00000E+00 0.00000E+00
 2.00000E+00 0.00000E+00 0.00000E+00
 3.00000E+00 0.00000E+00 0.00000E+00
 4.00000E+00 0.00000E+00 0.00000E+00
 5.00000E+00 0.00000E+00 0.00000E+00
 6.00000E+00 0.00000E+00 0.00000E+00
 8.00000E+00 0.00000E+00 0.00000E+00
 1.00000E+01 0.00000E+00 0.00000E+00
 1.20000E+01 0.00000E+00 0.00000E+00
 1.40000E+01 0.00000E+00 0.00000E+00
 1.60000E+01 0.00000E+00 0.00000E+00
 1.80000E+01 0.00000E+00 0.00000E+00
 2.00000E+01 0.00000E+00 0.00000E+00
 2.50000E+01 0.00000E+00 0.00000E+00
 3.00000E+01 0.00000E+00 0.00000E+00
 3.50000E+01 0.00000E+00 0.00000E+00
 4.00000E+01 0.00000E+00 0.00000E+00
 4.50000E+01 0.00000E+00 0.00000E+00
 5.00000E+01 7.11997E-04 1.75307E-01
 6.00000E+01 8.32050E-04 1.84141E-01
 7.00000E+01 5.18044E-04 1.78168E-01
 8.00000E+01 1.90850E-03 1.63170E-01
 9.00000E+01 1.06316E-02 1.72399E-01
 1.00000E+02 2.72962E-02 1.72672E-01
