# p +  57Fe: Production of  58Co - Ground state
# Q-value    = 6.95424E+00 mass=  57.935751
# E-threshold= 0.00000E+00
# # energies =    24
#     E          xs      Branching
 1.00000E+00 2.83068E-03 9.33519E-01
 2.00000E+00 1.86950E-01 9.40642E-01
 3.00000E+00 3.60198E-01 9.23802E-01
 4.00000E+00 2.65729E-01 8.89244E-01
 5.00000E+00 3.11258E-01 8.66845E-01
 6.00000E+00 3.66063E-01 8.46348E-01
 8.00000E+00 4.33888E-01 8.01699E-01
 1.00000E+01 5.00287E-01 7.50096E-01
 1.20000E+01 5.92539E-01 7.14367E-01
 1.40000E+01 7.08127E-01 7.03042E-01
 1.60000E+01 7.19618E-01 6.92932E-01
 1.80000E+01 6.46796E-01 6.82698E-01
 2.00000E+01 5.11110E-01 6.73833E-01
 2.50000E+01 2.23143E-01 6.72188E-01
 3.00000E+01 1.29294E-01 6.78462E-01
 3.50000E+01 8.74490E-02 6.78420E-01
 4.00000E+01 5.85684E-02 6.76348E-01
 4.50000E+01 4.98351E-02 6.80947E-01
 5.00000E+01 4.01318E-02 6.84593E-01
 6.00000E+01 3.20686E-02 6.83972E-01
 7.00000E+01 3.14480E-02 6.86468E-01
 8.00000E+01 2.54204E-02 6.85385E-01
 9.00000E+01 2.45530E-02 6.88968E-01
 1.00000E+02 1.85517E-02 6.89232E-01
