# p +  56Fe: Production of  48Ti - Ground state
# Q-value    =-1.69640E+01 mass=  47.947941
# E-threshold= 1.72695E+01
# # energies =    24
#     E          xs      Branching
 1.00000E+00 0.00000E+00 0.00000E+00
 2.00000E+00 0.00000E+00 0.00000E+00
 3.00000E+00 0.00000E+00 0.00000E+00
 4.00000E+00 0.00000E+00 0.00000E+00
 5.00000E+00 0.00000E+00 0.00000E+00
 6.00000E+00 0.00000E+00 0.00000E+00
 8.00000E+00 0.00000E+00 0.00000E+00
 1.00000E+01 0.00000E+00 0.00000E+00
 1.20000E+01 0.00000E+00 0.00000E+00
 1.40000E+01 0.00000E+00 0.00000E+00
 1.60000E+01 0.00000E+00 0.00000E+00
 1.80000E+01 0.00000E+00 0.00000E+00
 2.00000E+01 0.00000E+00 0.00000E+00
 2.50000E+01 0.00000E+00 0.00000E+00
 3.00000E+01 0.00000E+00 0.00000E+00
 3.50000E+01 1.64860E-02 9.99992E-01
 4.00000E+01 2.05373E-01 9.98754E-01
 4.50000E+01 2.76140E-01 9.90303E-01
 5.00000E+01 3.09351E-01 9.87231E-01
 6.00000E+01 1.88830E-01 9.88897E-01
 7.00000E+01 3.53140E-01 9.94933E-01
 8.00000E+01 9.00214E-01 9.92996E-01
 9.00000E+01 2.29394E+00 9.93504E-01
 1.00000E+02 2.37696E+00 9.89056E-01
