# p +  54Fe: Production of  50Mn - Ground state
# Q-value    =-1.68350E+01 mass=  49.954238
# E-threshold= 1.71494E+01
# # energies =    24
#     E          xs      Branching
 1.00000E+00 0.00000E+00 0.00000E+00
 2.00000E+00 0.00000E+00 0.00000E+00
 3.00000E+00 0.00000E+00 0.00000E+00
 4.00000E+00 0.00000E+00 0.00000E+00
 5.00000E+00 0.00000E+00 0.00000E+00
 6.00000E+00 0.00000E+00 0.00000E+00
 8.00000E+00 0.00000E+00 0.00000E+00
 1.00000E+01 0.00000E+00 0.00000E+00
 1.20000E+01 0.00000E+00 0.00000E+00
 1.40000E+01 0.00000E+00 0.00000E+00
 1.60000E+01 0.00000E+00 0.00000E+00
 1.80000E+01 0.00000E+00 0.00000E+00
 2.00000E+01 0.00000E+00 0.00000E+00
 2.50000E+01 3.59178E-02 2.75065E-01
 3.00000E+01 1.65434E+00 4.64336E-01
 3.50000E+01 2.08875E+00 4.87225E-01
 4.00000E+01 1.05808E+00 4.84476E-01
 4.50000E+01 6.63414E-01 4.88113E-01
 5.00000E+01 5.20220E-01 4.88810E-01
 6.00000E+01 6.22863E-01 4.32636E-01
 7.00000E+01 1.50607E+00 4.36144E-01
 8.00000E+01 1.98742E+00 4.49046E-01
 9.00000E+01 2.31398E+00 4.77945E-01
 1.00000E+02 2.57528E+00 4.97965E-01
