# p +  57Fe Total cross sections
# 
# 
# # energies =    24
#     E      Non-elastic    Elastic     Total     Comp. el.   Shape el.   Reaction   Comp. nonel   Direct    Pre-equil.  Dir. Capt.
 1.00000E+00 3.04641E-03 3.72316E-05 0.00000E+00 3.72316E-05 0.00000E+00 3.08364E-03 3.04641E-03 1.43234E-13 0.00000E+00 0.00000E+00
 2.00000E+00 1.78890E+00 9.01539E-01 0.00000E+00 9.01539E-01 0.00000E+00 2.69044E+00 1.78888E+00 2.35449E-05 0.00000E+00 0.00000E+00
 3.00000E+00 3.02647E+01 1.54704E+01 0.00000E+00 1.54704E+01 0.00000E+00 4.57351E+01 2.99531E+01 3.11072E-01 4.48156E-04 0.00000E+00
 4.00000E+00 1.66465E+02 2.34879E+01 0.00000E+00 2.34879E+01 0.00000E+00 1.89953E+02 1.62959E+02 3.50331E+00 2.90499E-03 0.00000E+00
 5.00000E+00 3.59732E+02 2.21410E+01 0.00000E+00 2.21410E+01 0.00000E+00 3.81873E+02 3.45669E+02 1.33840E+01 6.76987E-01 0.00000E+00
 6.00000E+00 5.27752E+02 1.65585E+01 0.00000E+00 1.65585E+01 0.00000E+00 5.44310E+02 4.98841E+02 2.56956E+01 3.15251E+00 0.00000E+00
 8.00000E+00 7.17121E+02 5.88767E+00 0.00000E+00 5.88767E+00 0.00000E+00 7.23009E+02 6.61184E+02 3.80496E+01 1.64846E+01 0.00000E+00
 1.00000E+01 8.49676E+02 1.74825E+00 0.00000E+00 1.74825E+00 0.00000E+00 8.51424E+02 7.55901E+02 4.38064E+01 4.62187E+01 0.00000E+00
 1.20000E+01 9.48870E+02 3.08062E-01 0.00000E+00 3.08062E-01 0.00000E+00 9.49178E+02 8.01076E+02 4.87154E+01 9.18325E+01 0.00000E+00
 1.40000E+01 1.01393E+03 8.37888E-02 0.00000E+00 8.37888E-02 0.00000E+00 1.01401E+03 8.01200E+02 5.09925E+01 1.47898E+02 0.00000E+00
 1.60000E+01 1.06042E+03 2.20642E-02 0.00000E+00 2.20642E-02 0.00000E+00 1.06044E+03 7.79878E+02 5.04307E+01 2.12014E+02 0.00000E+00
 1.80000E+01 1.08839E+03 5.69018E-03 0.00000E+00 5.69018E-03 0.00000E+00 1.08840E+03 7.40964E+02 4.85825E+01 2.78850E+02 0.00000E+00
 2.00000E+01 1.10246E+03 1.45911E-03 0.00000E+00 1.45911E-03 0.00000E+00 1.10246E+03 6.91626E+02 4.61991E+01 3.43492E+02 0.00000E+00
 2.50000E+01 1.11915E+03 5.63947E-05 0.00000E+00 5.63947E-05 0.00000E+00 1.11915E+03 5.64402E+02 4.08029E+01 4.89521E+02 0.00000E+00
 3.00000E+01 1.11076E+03 2.82874E-06 0.00000E+00 2.82874E-06 0.00000E+00 1.11076E+03 4.40247E+02 3.63325E+01 6.06521E+02 0.00000E+00
 3.50000E+01 1.08628E+03 2.58532E-07 0.00000E+00 2.58532E-07 0.00000E+00 1.08628E+03 3.33891E+02 3.28596E+01 6.88899E+02 0.00000E+00
 4.00000E+01 1.05794E+03 1.10903E-07 0.00000E+00 1.10903E-07 0.00000E+00 1.05794E+03 2.49638E+02 3.02673E+01 7.44431E+02 0.00000E+00
 4.50000E+01 1.02749E+03 1.00858E-07 0.00000E+00 1.00858E-07 0.00000E+00 1.02749E+03 1.84137E+02 2.83449E+01 7.79301E+02 0.00000E+00
 5.00000E+01 9.97197E+02 1.00076E-07 0.00000E+00 1.00076E-07 0.00000E+00 9.97197E+02 1.35347E+02 2.56358E+01 7.99615E+02 0.00000E+00
 6.00000E+01 9.41087E+02 1.00001E-07 0.00000E+00 1.00001E-07 0.00000E+00 9.41087E+02 6.50976E+01 2.17884E+01 8.19294E+02 0.00000E+00
 7.00000E+01 8.92627E+02 1.00000E-07 0.00000E+00 1.00000E-07 0.00000E+00 8.92627E+02 1.91936E+01 1.82120E+01 8.24182E+02 0.00000E+00
 8.00000E+01 8.51755E+02 9.83006E-08 0.00000E+00 9.83006E-08 0.00000E+00 8.51755E+02 0.00000E+00 1.51226E+01 8.10048E+02 0.00000E+00
 9.00000E+01 8.17522E+02 9.57590E-08 0.00000E+00 9.57590E-08 0.00000E+00 8.17522E+02 0.00000E+00 1.24887E+01 7.82753E+02 0.00000E+00
 1.00000E+02 7.88782E+02 9.36311E-08 0.00000E+00 9.36311E-08 0.00000E+00 7.88782E+02 0.00000E+00 1.02928E+01 7.60058E+02 0.00000E+00
