# p +  54Fe Total cross sections
# 
# 
# # energies =    24
#     E      Non-elastic    Elastic     Total     Comp. el.   Shape el.   Reaction   Comp. nonel   Direct    Pre-equil.  Dir. Capt.
 1.00000E+00 1.78289E-03 9.74052E-04 0.00000E+00 9.74052E-04 0.00000E+00 2.75694E-03 1.78289E-03 0.00000E+00 0.00000E+00 0.00000E+00
 2.00000E+00 5.17230E-02 1.95821E+00 0.00000E+00 1.95821E+00 0.00000E+00 2.00993E+00 5.17230E-02 2.80116E-11 0.00000E+00 0.00000E+00
 3.00000E+00 5.41630E-01 3.03843E+01 0.00000E+00 3.03843E+01 0.00000E+00 3.09259E+01 5.41416E-01 2.13210E-04 0.00000E+00 0.00000E+00
 4.00000E+00 1.25383E+01 1.22755E+02 0.00000E+00 1.22755E+02 0.00000E+00 1.35293E+02 1.24796E+01 5.87522E-02 0.00000E+00 0.00000E+00
 5.00000E+00 7.16784E+01 2.35947E+02 0.00000E+00 2.35947E+02 0.00000E+00 3.07625E+02 7.04881E+01 1.19026E+00 0.00000E+00 0.00000E+00
 6.00000E+00 2.13715E+02 2.74234E+02 0.00000E+00 2.74234E+02 0.00000E+00 4.87949E+02 2.07318E+02 6.39292E+00 4.19614E-03 0.00000E+00
 8.00000E+00 5.59195E+02 1.36052E+02 0.00000E+00 1.36052E+02 0.00000E+00 6.95247E+02 5.33838E+02 2.52304E+01 1.19640E-01 0.00000E+00
 1.00000E+01 7.74907E+02 1.82402E+01 0.00000E+00 1.82402E+01 0.00000E+00 7.93147E+02 7.29586E+02 4.07117E+01 4.39444E+00 0.00000E+00
 1.20000E+01 8.73637E+02 4.43671E+00 0.00000E+00 4.43671E+00 0.00000E+00 8.78074E+02 7.96411E+02 5.29358E+01 2.29785E+01 0.00000E+00
 1.40000E+01 9.38609E+02 1.16104E+00 0.00000E+00 1.16104E+00 0.00000E+00 9.39770E+02 8.15010E+02 6.02626E+01 5.87978E+01 0.00000E+00
 1.60000E+01 9.85634E+02 3.29770E-01 0.00000E+00 3.29770E-01 0.00000E+00 9.85964E+02 8.07558E+02 6.50731E+01 1.05518E+02 0.00000E+00
 1.80000E+01 1.01977E+03 9.67086E-02 0.00000E+00 9.67086E-02 0.00000E+00 1.01987E+03 7.82300E+02 6.90098E+01 1.59485E+02 0.00000E+00
 2.00000E+01 1.03610E+03 2.77015E-02 0.00000E+00 2.77015E-02 0.00000E+00 1.03613E+03 7.39263E+02 7.22638E+01 2.14834E+02 0.00000E+00
 2.50000E+01 1.03861E+03 1.09973E-03 0.00000E+00 1.09973E-03 0.00000E+00 1.03861E+03 5.99430E+02 7.49326E+01 3.51851E+02 0.00000E+00
 3.00000E+01 1.02904E+03 4.80661E-05 0.00000E+00 4.80661E-05 0.00000E+00 1.02904E+03 4.70524E+02 7.35887E+01 4.69002E+02 0.00000E+00
 3.50000E+01 1.00401E+03 2.53400E-06 0.00000E+00 2.53400E-06 0.00000E+00 1.00401E+03 3.58540E+02 7.09174E+01 5.55806E+02 0.00000E+00
 4.00000E+01 9.74585E+02 2.47939E-07 0.00000E+00 2.47939E-07 0.00000E+00 9.74585E+02 2.69054E+02 6.62774E+01 6.17188E+02 0.00000E+00
 4.50000E+01 9.45048E+02 1.10545E-07 0.00000E+00 1.10545E-07 0.00000E+00 9.45048E+02 1.99165E+02 6.18041E+01 6.59461E+02 0.00000E+00
 5.00000E+01 9.16266E+02 1.00859E-07 0.00000E+00 1.00859E-07 0.00000E+00 9.16266E+02 1.46084E+02 5.68484E+01 6.87576E+02 0.00000E+00
 6.00000E+01 8.64161E+02 1.00007E-07 0.00000E+00 1.00007E-07 0.00000E+00 8.64161E+02 7.23476E+01 4.81160E+01 7.18676E+02 0.00000E+00
 7.00000E+01 8.20328E+02 1.00000E-07 0.00000E+00 1.00000E-07 0.00000E+00 8.20328E+02 2.49505E+01 3.97157E+01 7.33401E+02 0.00000E+00
 8.00000E+01 7.84072E+02 9.87289E-08 0.00000E+00 9.87289E-08 0.00000E+00 7.84072E+02 0.00000E+00 3.28900E+01 7.32154E+02 0.00000E+00
 9.00000E+01 7.54064E+02 9.57592E-08 0.00000E+00 9.57592E-08 0.00000E+00 7.54064E+02 0.00000E+00 2.66442E+01 7.11477E+02 0.00000E+00
 1.00000E+02 7.29134E+02 9.32958E-08 0.00000E+00 9.32958E-08 0.00000E+00 7.29134E+02 1.13508E-05 2.17341E+01 6.94180E+02 0.00000E+00
