# p +  56Fe Total cross sections
# 
# 
# # energies =    24
#     E      Non-elastic    Elastic     Total     Comp. el.   Shape el.   Reaction   Comp. nonel   Direct    Pre-equil.  Dir. Capt.
 1.00000E+00 3.00010E-03 2.99975E-04 0.00000E+00 2.99975E-04 0.00000E+00 3.30007E-03 3.00010E-03 2.48516E-29 0.00000E+00 0.00000E+00
 2.00000E+00 2.48363E-01 2.29466E+00 0.00000E+00 2.29466E+00 0.00000E+00 2.54302E+00 2.48362E-01 6.22890E-07 0.00000E+00 0.00000E+00
 3.00000E+00 4.20697E+00 3.50213E+01 0.00000E+00 3.50213E+01 0.00000E+00 3.92283E+01 4.20201E+00 4.95843E-03 0.00000E+00 0.00000E+00
 4.00000E+00 3.52060E+01 1.26750E+02 0.00000E+00 1.26750E+02 0.00000E+00 1.61956E+02 3.48525E+01 3.53508E-01 0.00000E+00 0.00000E+00
 5.00000E+00 1.27543E+02 2.15747E+02 0.00000E+00 2.15747E+02 0.00000E+00 3.43290E+02 1.24059E+02 3.48396E+00 0.00000E+00 0.00000E+00
 6.00000E+00 3.19786E+02 1.96890E+02 0.00000E+00 1.96890E+02 0.00000E+00 5.16676E+02 3.08656E+02 1.11213E+01 9.36818E-03 0.00000E+00
 8.00000E+00 6.72242E+02 4.46668E+01 0.00000E+00 4.46668E+01 0.00000E+00 7.16909E+02 6.43562E+02 2.70370E+01 1.60478E+00 0.00000E+00
 1.00000E+01 8.21440E+02 1.03564E+01 0.00000E+00 1.03564E+01 0.00000E+00 8.31796E+02 7.65138E+02 3.52487E+01 2.07317E+01 0.00000E+00
 1.20000E+01 9.21760E+02 1.31349E+00 0.00000E+00 1.31349E+00 0.00000E+00 9.23073E+02 8.20800E+02 4.01379E+01 5.88968E+01 0.00000E+00
 1.40000E+01 9.85398E+02 3.49218E-01 0.00000E+00 3.49218E-01 0.00000E+00 9.85747E+02 8.26536E+02 4.29672E+01 1.08955E+02 0.00000E+00
 1.60000E+01 1.03234E+03 9.35124E-02 0.00000E+00 9.35124E-02 0.00000E+00 1.03243E+03 8.07747E+02 4.53527E+01 1.68075E+02 0.00000E+00
 1.80000E+01 1.06350E+03 2.49567E-02 0.00000E+00 2.49567E-02 0.00000E+00 1.06352E+03 7.72067E+02 4.60546E+01 2.32127E+02 0.00000E+00
 2.00000E+01 1.07767E+03 6.46328E-03 0.00000E+00 6.46328E-03 0.00000E+00 1.07768E+03 7.21873E+02 4.54372E+01 2.95921E+02 0.00000E+00
 2.50000E+01 1.08517E+03 2.24454E-04 0.00000E+00 2.24454E-04 0.00000E+00 1.08517E+03 5.83030E+02 4.20678E+01 4.42374E+02 0.00000E+00
 3.00000E+01 1.07675E+03 9.67256E-06 0.00000E+00 9.67256E-06 0.00000E+00 1.07675E+03 4.52887E+02 3.98171E+01 5.62870E+02 0.00000E+00
 3.50000E+01 1.05175E+03 5.89479E-07 0.00000E+00 5.89479E-07 0.00000E+00 1.05175E+03 3.40259E+02 3.71616E+01 6.50333E+02 0.00000E+00
 4.00000E+01 1.02283E+03 1.30194E-07 0.00000E+00 1.30194E-07 0.00000E+00 1.02283E+03 2.52435E+02 3.49011E+01 7.08409E+02 0.00000E+00
 4.50000E+01 9.92970E+02 1.02177E-07 0.00000E+00 1.02177E-07 0.00000E+00 9.92970E+02 1.85401E+02 3.22604E+01 7.46048E+02 0.00000E+00
 5.00000E+01 9.63455E+02 1.00180E-07 0.00000E+00 1.00180E-07 0.00000E+00 9.63455E+02 1.36155E+02 2.93673E+01 7.67740E+02 0.00000E+00
 6.00000E+01 9.09218E+02 1.00002E-07 0.00000E+00 1.00002E-07 0.00000E+00 9.09218E+02 6.56832E+01 2.48983E+01 7.89641E+02 0.00000E+00
 7.00000E+01 8.62733E+02 1.00000E-07 0.00000E+00 1.00000E-07 0.00000E+00 8.62733E+02 1.98159E+01 2.09566E+01 7.96127E+02 0.00000E+00
 8.00000E+01 8.23654E+02 9.83571E-08 0.00000E+00 9.83571E-08 0.00000E+00 8.23654E+02 0.00000E+00 1.75600E+01 7.83914E+02 0.00000E+00
 9.00000E+01 7.90964E+02 9.57286E-08 0.00000E+00 9.57286E-08 0.00000E+00 7.90964E+02 0.00000E+00 1.45263E+01 7.57763E+02 0.00000E+00
 1.00000E+02 7.63525E+02 9.35593E-08 0.00000E+00 9.35593E-08 0.00000E+00 7.63525E+02 0.00000E+00 1.19282E+01 7.36036E+02 0.00000E+00
