# p +  58Fe Total cross sections
# 
# 
# # energies =    24
#     E      Non-elastic    Elastic     Total     Comp. el.   Shape el.   Reaction   Comp. nonel   Direct    Pre-equil.  Dir. Capt.
 1.00000E+00 3.24927E-03 9.06262E-05 0.00000E+00 9.06262E-05 0.00000E+00 3.33990E-03 3.24927E-03 1.13995E-25 0.00000E+00 0.00000E+00
 2.00000E+00 6.44143E-01 2.35561E+00 0.00000E+00 2.35561E+00 0.00000E+00 2.99975E+00 6.44140E-01 2.13664E-06 0.00000E+00 0.00000E+00
 3.00000E+00 6.54721E+00 4.44489E+01 0.00000E+00 4.44489E+01 0.00000E+00 5.09961E+01 6.53143E+00 1.57813E-02 0.00000E+00 0.00000E+00
 4.00000E+00 1.38869E+02 6.36179E+01 0.00000E+00 6.36179E+01 0.00000E+00 2.02487E+02 1.37852E+02 1.01730E+00 0.00000E+00 0.00000E+00
 5.00000E+00 3.60341E+02 3.11854E+01 0.00000E+00 3.11854E+01 0.00000E+00 3.91526E+02 3.52146E+02 7.65921E+00 5.35790E-01 0.00000E+00
 6.00000E+00 5.31147E+02 1.55983E+01 0.00000E+00 1.55983E+01 0.00000E+00 5.46745E+02 5.09047E+02 1.86114E+01 3.48849E+00 0.00000E+00
 8.00000E+00 7.23097E+02 4.05276E+00 0.00000E+00 4.05276E+00 0.00000E+00 7.27150E+02 6.70104E+02 3.49674E+01 1.79492E+01 0.00000E+00
 1.00000E+01 8.64037E+02 1.09838E+00 0.00000E+00 1.09838E+00 0.00000E+00 8.65135E+02 7.65250E+02 4.86890E+01 4.97479E+01 0.00000E+00
 1.20000E+01 9.63946E+02 1.42825E-01 0.00000E+00 1.42825E-01 0.00000E+00 9.64089E+02 8.09688E+02 5.77663E+01 9.45436E+01 0.00000E+00
 1.40000E+01 1.02851E+03 3.76733E-02 0.00000E+00 3.76733E-02 0.00000E+00 1.02855E+03 8.12474E+02 6.26193E+01 1.47649E+02 0.00000E+00
 1.60000E+01 1.07362E+03 9.71890E-03 0.00000E+00 9.71890E-03 0.00000E+00 1.07363E+03 7.93077E+02 6.37607E+01 2.08673E+02 0.00000E+00
 1.80000E+01 1.10045E+03 2.45978E-03 0.00000E+00 2.45978E-03 0.00000E+00 1.10045E+03 7.55071E+02 6.31975E+01 2.72958E+02 0.00000E+00
 2.00000E+01 1.11516E+03 6.27059E-04 0.00000E+00 6.27059E-04 0.00000E+00 1.11516E+03 7.06078E+02 6.19328E+01 3.37195E+02 0.00000E+00
 2.50000E+01 1.13501E+03 2.45101E-05 0.00000E+00 2.45101E-05 0.00000E+00 1.13501E+03 5.74911E+02 5.97418E+01 4.87726E+02 0.00000E+00
 3.00000E+01 1.12611E+03 1.28766E-06 0.00000E+00 1.28766E-06 0.00000E+00 1.12611E+03 4.49791E+02 5.73874E+01 6.03474E+02 0.00000E+00
 3.50000E+01 1.10205E+03 1.69464E-07 0.00000E+00 1.69464E-07 0.00000E+00 1.10205E+03 3.43536E+02 5.47482E+01 6.85405E+02 0.00000E+00
 4.00000E+01 1.07380E+03 1.04812E-07 0.00000E+00 1.04812E-07 0.00000E+00 1.07380E+03 2.58666E+02 5.21947E+01 7.41497E+02 0.00000E+00
 4.50000E+01 1.04310E+03 1.00382E-07 0.00000E+00 1.00382E-07 0.00000E+00 1.04310E+03 1.93229E+02 4.94165E+01 7.76506E+02 0.00000E+00
 5.00000E+01 1.01251E+03 1.00033E-07 0.00000E+00 1.00033E-07 0.00000E+00 1.01251E+03 1.40341E+02 4.68200E+01 7.99927E+02 0.00000E+00
 6.00000E+01 9.55634E+02 1.00000E-07 0.00000E+00 1.00000E-07 0.00000E+00 9.55634E+02 7.10455E+01 4.04229E+01 8.18995E+02 0.00000E+00
 7.00000E+01 9.06345E+02 1.00000E-07 0.00000E+00 1.00000E-07 0.00000E+00 9.06345E+02 2.54386E+01 3.41812E+01 8.23899E+02 0.00000E+00
 8.00000E+01 8.64689E+02 9.91028E-08 0.00000E+00 9.91028E-08 0.00000E+00 8.64689E+02 2.85111E-05 2.85915E+01 8.16317E+02 0.00000E+00
 9.00000E+01 8.29761E+02 9.66461E-08 0.00000E+00 9.66461E-08 0.00000E+00 8.29761E+02 0.00000E+00 2.35165E+01 7.89540E+02 0.00000E+00
 1.00000E+02 8.00421E+02 9.45826E-08 0.00000E+00 9.45826E-08 0.00000E+00 8.00421E+02 2.76644E-06 1.93160E+01 7.67216E+02 0.00000E+00
