# p +  57Fe Total triton   production
# Q-value    =-1.03614E+01
# 
# # energies =    24
#    E         xs         Yield
 1.00000E+00 0.00000E+00 0.00000E+00
 2.00000E+00 0.00000E+00 0.00000E+00
 3.00000E+00 0.00000E+00 0.00000E+00
 4.00000E+00 0.00000E+00 0.00000E+00
 5.00000E+00 0.00000E+00 0.00000E+00
 6.00000E+00 0.00000E+00 0.00000E+00
 8.00000E+00 0.00000E+00 0.00000E+00
 1.00000E+01 0.00000E+00 0.00000E+00
 1.20000E+01 4.52114E-07 4.76476E-10
 1.40000E+01 1.07303E-02 1.05830E-05
 1.60000E+01 7.97022E-02 7.51611E-05
 1.80000E+01 2.20482E-01 2.02576E-04
 2.00000E+01 5.01230E-01 4.54647E-04
 2.50000E+01 1.83101E+00 1.63607E-03
 3.00000E+01 3.46177E+00 3.11658E-03
 3.50000E+01 5.09272E+00 4.68822E-03
 4.00000E+01 6.55539E+00 6.19637E-03
 4.50000E+01 7.73964E+00 7.53257E-03
 5.00000E+01 8.69806E+00 8.72251E-03
 6.00000E+01 1.02886E+01 1.09327E-02
 7.00000E+01 1.17531E+01 1.31669E-02
 8.00000E+01 1.34065E+01 1.57399E-02
 9.00000E+01 1.56535E+01 1.91474E-02
 1.00000E+02 1.84386E+01 2.33761E-02
