# p +  54Fe Total triton   production
# Q-value    =-1.55833E+01
# 
# # energies =    24
#    E         xs         Yield
 1.00000E+00 0.00000E+00 0.00000E+00
 2.00000E+00 0.00000E+00 0.00000E+00
 3.00000E+00 0.00000E+00 0.00000E+00
 4.00000E+00 0.00000E+00 0.00000E+00
 5.00000E+00 0.00000E+00 0.00000E+00
 6.00000E+00 0.00000E+00 0.00000E+00
 8.00000E+00 0.00000E+00 0.00000E+00
 1.00000E+01 0.00000E+00 0.00000E+00
 1.20000E+01 0.00000E+00 0.00000E+00
 1.40000E+01 0.00000E+00 0.00000E+00
 1.60000E+01 0.00000E+00 0.00000E+00
 1.80000E+01 1.69448E-05 1.66162E-08
 2.00000E+01 8.46015E-03 8.16536E-06
 2.50000E+01 6.26114E-02 6.02839E-05
 3.00000E+01 3.30858E-01 3.21521E-04
 3.50000E+01 1.03119E+00 1.02707E-03
 4.00000E+01 1.78595E+00 1.83253E-03
 4.50000E+01 2.57220E+00 2.72176E-03
 5.00000E+01 3.33609E+00 3.64096E-03
 6.00000E+01 4.78698E+00 5.53945E-03
 7.00000E+01 6.24925E+00 7.61799E-03
 8.00000E+01 7.75217E+00 9.88707E-03
 9.00000E+01 9.50610E+00 1.26065E-02
 1.00000E+02 1.16249E+01 1.59434E-02
