# p +  56Fe Total triton   production
# Q-value    =-1.20134E+01
# 
# # energies =    24
#    E         xs         Yield
 1.00000E+00 0.00000E+00 0.00000E+00
 2.00000E+00 0.00000E+00 0.00000E+00
 3.00000E+00 0.00000E+00 0.00000E+00
 4.00000E+00 0.00000E+00 0.00000E+00
 5.00000E+00 0.00000E+00 0.00000E+00
 6.00000E+00 0.00000E+00 0.00000E+00
 8.00000E+00 0.00000E+00 0.00000E+00
 1.00000E+01 0.00000E+00 0.00000E+00
 1.20000E+01 0.00000E+00 0.00000E+00
 1.40000E+01 5.98273E-06 6.07139E-09
 1.60000E+01 1.11570E-02 1.08075E-05
 1.80000E+01 6.05903E-02 5.69728E-05
 2.00000E+01 1.60268E-01 1.48717E-04
 2.50000E+01 5.69607E-01 5.24901E-04
 3.00000E+01 1.46094E+00 1.35681E-03
 3.50000E+01 2.57560E+00 2.44887E-03
 4.00000E+01 3.67544E+00 3.59340E-03
 4.50000E+01 4.73391E+00 4.76743E-03
 5.00000E+01 5.64476E+00 5.85887E-03
 6.00000E+01 7.19029E+00 7.90821E-03
 7.00000E+01 8.70826E+00 1.00938E-02
 8.00000E+01 1.03528E+01 1.25693E-02
 9.00000E+01 1.23850E+01 1.56582E-02
 1.00000E+02 1.48610E+01 1.94637E-02
