# p +  58Fe Total triton   production
# Q-value    =-9.20893E+00
# 
# # energies =    24
#    E         xs         Yield
 1.00000E+00 0.00000E+00 0.00000E+00
 2.00000E+00 0.00000E+00 0.00000E+00
 3.00000E+00 0.00000E+00 0.00000E+00
 4.00000E+00 0.00000E+00 0.00000E+00
 5.00000E+00 0.00000E+00 0.00000E+00
 6.00000E+00 0.00000E+00 0.00000E+00
 8.00000E+00 0.00000E+00 0.00000E+00
 1.00000E+01 1.95072E-16 2.25768E-19
 1.20000E+01 6.95549E-04 7.21564E-07
 1.40000E+01 4.51783E-02 4.39259E-05
 1.60000E+01 1.29129E-01 1.20275E-04
 1.80000E+01 2.62342E-01 2.38396E-04
 2.00000E+01 4.83587E-01 4.33648E-04
 2.50000E+01 1.66409E+00 1.46614E-03
 3.00000E+01 3.31135E+00 2.94052E-03
 3.50000E+01 4.93979E+00 4.48236E-03
 4.00000E+01 6.36635E+00 5.92880E-03
 4.50000E+01 7.56556E+00 7.25296E-03
 5.00000E+01 8.52236E+00 8.41706E-03
 6.00000E+01 1.01684E+01 1.06405E-02
 7.00000E+01 1.16817E+01 1.28888E-02
 8.00000E+01 1.33617E+01 1.54526E-02
 9.00000E+01 1.56380E+01 1.88464E-02
 1.00000E+02 1.83982E+01 2.29857E-02
