<cross-s.>      1.01      1.00400000D-03    232.04    0    3
 2.16173D+04
 1.00268D+04
 1.15905D+04
<cross-s.>      1.01      2.00900000D-03    232.04    0    3
 1.87744D+04
 7.23799D+03
 1.15364D+04
<cross-s.>      1.01      5.02200000D-03    232.04    0    3
 1.62815D+04
 4.87151D+03
 1.14100D+04
<cross-s.>      1.01      1.00400000D-02    232.04    0    3
 1.50317D+04
 3.79194D+03
 1.12398D+04
<cross-s.>      1.01      2.00900000D-02    232.04    0    3
 1.41120D+04
 3.15649D+03
 1.09555D+04
<cross-s.>      1.01      5.02200000D-02    232.04    0    3
 1.30654D+04
 2.79961D+03
 1.02658D+04
<cross-s.>      1.01      1.00430000D-01    232.04    0    3
 1.20992D+04
 2.74666D+03
 9.35259D+03
<cross-s.>      1.01      2.00870000D-01    232.04    0    3
 1.07350D+04
 2.78837D+03
 7.94659D+03
<cross-s.>      1.01      3.01300000D-01    232.04    0    3
 9.70829D+03
 2.83789D+03
 6.87040D+03
<cross-s.>      1.01      4.01740000D-01    232.04    0    3
 8.90163D+03
 2.88568D+03
 6.01595D+03
<cross-s.>      1.01      5.02170000D-01    232.04    0    3
 8.26604D+03
 2.93388D+03
 5.33216D+03
<cross-s.>      1.01      6.02610000D-01    232.04    0    3
 7.76980D+03
 2.98324D+03
 4.78656D+03
<cross-s.>      1.01      7.03040000D-01    232.04    0    3
 7.38923D+03
 3.03424D+03
 4.35499D+03
<cross-s.>      1.01      8.03480000D-01    232.04    0    3
 7.10472D+03
 3.08599D+03
 4.01873D+03
<cross-s.>      1.01      9.03910000D-01    232.04    0    3
 6.89994D+03
 3.13809D+03
 3.76185D+03
<cross-s.>      1.01      1.00435000D+00    232.04    0    3
 6.76135D+03
 3.19055D+03
 3.57080D+03
<cross-s.>      1.01      1.10478000D+00    232.04    0    3
 6.67829D+03
 3.24441D+03
 3.43388D+03
<cross-s.>      1.01      1.20522000D+00    232.04    0    3
 6.64148D+03
 3.29957D+03
 3.34190D+03
<cross-s.>      1.01      1.30565000D+00    232.04    0    3
 6.64325D+03
 3.35583D+03
 3.28741D+03
<cross-s.>      1.01      1.40609000D+00    232.04    0    3
 6.67676D+03
 3.41213D+03
 3.26463D+03
<cross-s.>      1.01      1.50652000D+00    232.04    0    3
 6.73569D+03
 3.46698D+03
 3.26870D+03
<cross-s.>      1.01      1.60696000D+00    232.04    0    3
 6.81381D+03
 3.51836D+03
 3.29545D+03
<cross-s.>      1.01      1.70739000D+00    232.04    0    3
 6.90524D+03
 3.56423D+03
 3.34100D+03
<cross-s.>      1.01      1.80782000D+00    232.04    0    3
 7.00458D+03
 3.60297D+03
 3.40160D+03
<cross-s.>      1.01      1.90826000D+00    232.04    0    3
 7.10712D+03
 3.63363D+03
 3.47349D+03
<cross-s.>      1.01      2.00869000D+00    232.04    0    3
 7.20896D+03
 3.65544D+03
 3.55353D+03
<cross-s.>      1.01      2.20956000D+00    232.04    0    3
 7.40016D+03
 3.67487D+03
 3.72529D+03
<cross-s.>      1.01      2.41043000D+00    232.04    0    3
 7.56533D+03
 3.66898D+03
 3.89635D+03
<cross-s.>      1.01      2.61130000D+00    232.04    0    3
 7.70122D+03
 3.64753D+03
 4.05369D+03
<cross-s.>      1.01      2.81217000D+00    232.04    0    3
 7.80905D+03
 3.61874D+03
 4.19031D+03
<cross-s.>      1.01      3.01304000D+00    232.04    0    3
 7.91883D+03
 3.65770D+03
 4.26113D+03
<cross-s.>      1.01      3.21391000D+00    232.04    0    3
 7.99374D+03
 3.62917D+03
 4.36457D+03
<cross-s.>      1.01      3.41478000D+00    232.04    0    3
 8.04031D+03
 3.59859D+03
 4.44172D+03
<cross-s.>      1.01      3.61565000D+00    232.04    0    3
 8.06041D+03
 3.56706D+03
 4.49334D+03
<cross-s.>      1.01      3.81652000D+00    232.04    0    3
 8.05571D+03
 3.53495D+03
 4.52076D+03
<cross-s.>      1.01      4.01739000D+00    232.04    0    3
 8.02800D+03
 3.50220D+03
 4.52580D+03
<cross-s.>      1.01      4.51956000D+00    232.04    0    3
 7.87250D+03
 3.41814D+03
 4.45436D+03
<cross-s.>      1.01      5.02174000D+00    232.04    0    3
 7.63086D+03
 3.34106D+03
 4.28980D+03
<cross-s.>      1.01      5.52391000D+00    232.04    0    3
 7.35224D+03
 3.28567D+03
 4.06658D+03
<cross-s.>      1.01      6.02608000D+00    232.04    0    3
 7.07231D+03
 3.25632D+03
 3.81599D+03
<cross-s.>      1.01      6.52826000D+00    232.04    0    3
 6.81078D+03
 3.24743D+03
 3.56335D+03
<cross-s.>      1.01      7.03043000D+00    232.04    0    3
 6.57664D+03
 3.24971D+03
 3.32692D+03
<cross-s.>      1.01      7.53260000D+00    232.04    0    3
 6.37210D+03
 3.25437D+03
 3.11773D+03
<cross-s.>      1.01      8.03478000D+00    232.04    0    3
 6.19637D+03
 3.25535D+03
 2.94102D+03
<cross-s.>      1.01      8.53695000D+00    232.04    0    3
 6.04755D+03
 3.25014D+03
 2.79742D+03
<cross-s.>      1.01      9.03912000D+00    232.04    0    3
 5.92500D+03
 3.23921D+03
 2.68579D+03
<cross-s.>      1.01      9.54130000D+00    232.04    0    3
 5.82777D+03
 3.22443D+03
 2.60334D+03
<cross-s.>      1.01      1.00434700D+01    232.04    0    3
 5.75525D+03
 3.20792D+03
 2.54733D+03
<cross-s.>      1.01      1.05456400D+01    232.04    0    3
 5.70602D+03
 3.19121D+03
 2.51481D+03
<cross-s.>      1.01      1.10478200D+01    232.04    0    3
 5.67801D+03
 3.17515D+03
 2.50286D+03
<cross-s.>      1.01      1.15499900D+01    232.04    0    3
 5.66858D+03
 3.16005D+03
 2.50853D+03
<cross-s.>      1.01      1.20521600D+01    232.04    0    3
 5.67480D+03
 3.14588D+03
 2.52892D+03
<cross-s.>      1.01      1.25543400D+01    232.04    0    3
 5.69367D+03
 3.13244D+03
 2.56123D+03
<cross-s.>      1.01      1.30565100D+01    232.04    0    3
 5.72234D+03
 3.11955D+03
 2.60279D+03
<cross-s.>      1.01      1.35586800D+01    232.04    0    3
 5.75804D+03
 3.10707D+03
 2.65097D+03
<cross-s.>      1.01      1.40608600D+01    232.04    0    3
 5.79862D+03
 3.09497D+03
 2.70365D+03
<cross-s.>      1.01      1.45630300D+01    232.04    0    3
 5.84194D+03
 3.08325D+03
 2.75869D+03
<cross-s.>      1.01      1.50652000D+01    232.04    0    3
 5.88629D+03
 3.07197D+03
 2.81432D+03
<cross-s.>      1.01      1.55673800D+01    232.04    0    3
 5.93031D+03
 3.06118D+03
 2.86913D+03
<cross-s.>      1.01      1.60695500D+01    232.04    0    3
 5.97278D+03
 3.05091D+03
 2.92187D+03
<cross-s.>      1.01      1.65717300D+01    232.04    0    3
 6.01263D+03
 3.04119D+03
 2.97145D+03
<cross-s.>      1.01      1.70739000D+01    232.04    0    3
 6.04913D+03
 3.03202D+03
 3.01711D+03
<cross-s.>      1.01      1.75760700D+01    232.04    0    3
 6.08159D+03
 3.02341D+03
 3.05818D+03
<cross-s.>      1.01      1.80782500D+01    232.04    0    3
 6.10965D+03
 3.01534D+03
 3.09431D+03
<cross-s.>      1.01      1.85804200D+01    232.04    0    3
 6.13276D+03
 3.00778D+03
 3.12498D+03
<cross-s.>      1.01      1.90825900D+01    232.04    0    3
 6.15086D+03
 3.00067D+03
 3.15019D+03
<cross-s.>      1.01      1.95847700D+01    232.04    0    3
 6.16370D+03
 2.99400D+03
 3.16970D+03
<cross-s.>      1.01      2.00869400D+01    232.04    0    3
 6.17124D+03
 2.98767D+03
 3.18356D+03
