<cross-s.>      1.01      1.00400000D-03    238.05    0    3
 2.01774D+04
 8.94231D+03
 1.12351D+04
<cross-s.>      1.01      2.00800000D-03    238.05    0    3
 1.76775D+04
 6.49029D+03
 1.11872D+04
<cross-s.>      1.01      5.02100000D-03    238.05    0    3
 1.54967D+04
 4.42422D+03
 1.10725D+04
<cross-s.>      1.01      1.00400000D-02    238.05    0    3
 1.44270D+04
 3.50774D+03
 1.09192D+04
<cross-s.>      1.01      2.00800000D-02    238.05    0    3
 1.36599D+04
 3.00072D+03
 1.06591D+04
<cross-s.>      1.01      5.02100000D-02    238.05    0    3
 1.28170D+04
 2.79745D+03
 1.00196D+04
<cross-s.>      1.01      1.00420000D-01    238.05    0    3
 1.20501D+04
 2.88739D+03
 9.16268D+03
<cross-s.>      1.01      2.00850000D-01    238.05    0    3
 1.09294D+04
 3.09264D+03
 7.83674D+03
<cross-s.>      1.01      3.01270000D-01    238.05    0    3
 1.00303D+04
 3.20411D+03
 6.82615D+03
<cross-s.>      1.01      4.01690000D-01    238.05    0    3
 9.27998D+03
 3.25371D+03
 6.02627D+03
<cross-s.>      1.01      5.02120000D-01    238.05    0    3
 8.65901D+03
 3.27789D+03
 5.38112D+03
<cross-s.>      1.01      6.02540000D-01    238.05    0    3
 8.15325D+03
 3.29634D+03
 4.85691D+03
<cross-s.>      1.01      7.02970000D-01    238.05    0    3
 7.75023D+03
 3.32005D+03
 4.43017D+03
<cross-s.>      1.01      8.03390000D-01    238.05    0    3
 7.43724D+03
 3.35321D+03
 4.08403D+03
<cross-s.>      1.01      9.03810000D-01    238.05    0    3
 7.20230D+03
 3.39649D+03
 3.80580D+03
<cross-s.>      1.01      1.00424000D+00    238.05    0    3
 7.03468D+03
 3.44924D+03
 3.58544D+03
<cross-s.>      1.01      1.10466000D+00    238.05    0    3
 6.92301D+03
 3.50750D+03
 3.41551D+03
<cross-s.>      1.01      1.20508000D+00    238.05    0    3
 6.85835D+03
 3.56849D+03
 3.28987D+03
<cross-s.>      1.01      1.30551000D+00    238.05    0    3
 6.83274D+03
 3.62918D+03
 3.20356D+03
<cross-s.>      1.01      1.40593000D+00    238.05    0    3
 6.83914D+03
 3.68682D+03
 3.15233D+03
<cross-s.>      1.01      1.50636000D+00    238.05    0    3
 6.87132D+03
 3.73911D+03
 3.13221D+03
<cross-s.>      1.01      1.60678000D+00    238.05    0    3
 6.92379D+03
 3.78451D+03
 3.13929D+03
<cross-s.>      1.01      1.70720000D+00    238.05    0    3
 6.99142D+03
 3.82185D+03
 3.16958D+03
<cross-s.>      1.01      1.80763000D+00    238.05    0    3
 7.06930D+03
 3.85048D+03
 3.21883D+03
<cross-s.>      1.01      1.90805000D+00    238.05    0    3
 7.15526D+03
 3.87292D+03
 3.28234D+03
<cross-s.>      1.01      2.00847000D+00    238.05    0    3
 7.24296D+03
 3.88588D+03
 3.35708D+03
<cross-s.>      1.01      2.20932000D+00    238.05    0    3
 7.40867D+03
 3.88302D+03
 3.52565D+03
<cross-s.>      1.01      2.41017000D+00    238.05    0    3
 7.55848D+03
 3.85894D+03
 3.69955D+03
<cross-s.>      1.01      2.61102000D+00    238.05    0    3
 7.68720D+03
 3.82400D+03
 3.86320D+03
<cross-s.>      1.01      2.81186000D+00    238.05    0    3
 7.79353D+03
 3.78520D+03
 4.00832D+03
<cross-s.>      1.01      3.01271000D+00    238.05    0    3
 7.86554D+03
 3.79048D+03
 4.07506D+03
<cross-s.>      1.01      3.21356000D+00    238.05    0    3
 7.94700D+03
 3.75926D+03
 4.18773D+03
<cross-s.>      1.01      3.41441000D+00    238.05    0    3
 8.00170D+03
 3.72561D+03
 4.27610D+03
<cross-s.>      1.01      3.61525000D+00    238.05    0    3
 8.03055D+03
 3.69021D+03
 4.34034D+03
<cross-s.>      1.01      3.81610000D+00    238.05    0    3
 8.03543D+03
 3.65391D+03
 4.38152D+03
<cross-s.>      1.01      4.01695000D+00    238.05    0    3
 8.01777D+03
 3.61710D+03
 4.40067D+03
<cross-s.>      1.01      4.51907000D+00    238.05    0    3
 7.88521D+03
 3.52791D+03
 4.35730D+03
<cross-s.>      1.01      5.02119000D+00    238.05    0    3
 7.67970D+03
 3.44775D+03
 4.23195D+03
<cross-s.>      1.01      5.52330000D+00    238.05    0    3
 7.43227D+03
 3.38705D+03
 4.04523D+03
<cross-s.>      1.01      6.02542000D+00    238.05    0    3
 7.18122D+03
 3.35313D+03
 3.82809D+03
<cross-s.>      1.01      6.52754000D+00    238.05    0    3
 6.93833D+03
 3.33670D+03
 3.60163D+03
<cross-s.>      1.01      7.02966000D+00    238.05    0    3
 6.71601D+03
 3.33046D+03
 3.38555D+03
<cross-s.>      1.01      7.53178000D+00    238.05    0    3
 6.51659D+03
 3.32599D+03
 3.19060D+03
<cross-s.>      1.01      8.03390000D+00    238.05    0    3
 6.34017D+03
 3.31829D+03
 3.02188D+03
<cross-s.>      1.01      8.53602000D+00    238.05    0    3
 6.18666D+03
 3.30560D+03
 2.88106D+03
<cross-s.>      1.01      9.03813000D+00    238.05    0    3
 6.05618D+03
 3.28904D+03
 2.76714D+03
<cross-s.>      1.01      9.54025000D+00    238.05    0    3
 5.94914D+03
 3.27050D+03
 2.67864D+03
<cross-s.>      1.01      1.00423700D+01    238.05    0    3
 5.86815D+03
 3.25363D+03
 2.61453D+03
<cross-s.>      1.01      4.01690000D-01    238.05   91    1
 3.81678D-46
<cross-s.>      1.01      5.02120000D-01    238.05   91    1
 1.03536D-39
<cross-s.>      1.01      6.02540000D-01    238.05   91    1
 5.67553D-35
<cross-s.>      1.01      7.02960000D-01    238.05   91    1
 2.69227D-31
<cross-s.>      1.01      8.03390000D-01    238.05   91    1
 6.65542D-28
<cross-s.>      1.01      9.03810000D-01    238.05   91    1
 1.98548D-25
<cross-s.>      1.01      1.00423000D+00    238.05   91    1
 2.31243D-23
<cross-s.>      1.01      1.10465000D+00    238.05   91    1
 1.37642D-21
<cross-s.>      1.01      1.20508000D+00    238.05   91    1
 4.83408D-20
<cross-s.>      1.01      1.30550000D+00    238.05   91    1
 1.11060D-18
<cross-s.>      1.01      1.40592000D+00    238.05   91    1
 1.80401D-17
<cross-s.>      1.01      1.50635000D+00    238.05   91    1
 2.19809D-16
<cross-s.>      1.01      1.60677000D+00    238.05   91    1
 2.10207D-15
<cross-s.>      1.01      1.70719000D+00    238.05   91    1
 1.63637D-14
<cross-s.>      1.01      1.80762000D+00    238.05   91    1
 1.06766D-13
<cross-s.>      1.01      1.90804000D+00    238.05   91    1
 5.97551D-13
<cross-s.>      1.01      2.00846000D+00    238.05   91    1
 2.92561D-12
<cross-s.>      1.01      2.20931000D+00    238.05   91    1
 4.99456D-11
<cross-s.>      1.01      2.41016000D+00    238.05   91    1
 5.87321D-10
<cross-s.>      1.01      2.61100000D+00    238.05   91    1
 5.11601D-09
<cross-s.>      1.01      2.81185000D+00    238.05   91    1
 3.48573D-08
<cross-s.>      1.01      3.01269000D+00    238.05   91    1
 1.93555D-07
<cross-s.>      1.01      3.21354000D+00    238.05   91    1
 9.04639D-07
<cross-s.>      1.01      3.41439000D+00    238.05   91    1
 3.64996D-06
<cross-s.>      1.01      3.61523000D+00    238.05   91    1
 1.29740D-05
<cross-s.>      1.01      3.81608000D+00    238.05   91    1
 4.13138D-05
<cross-s.>      1.01      4.01693000D+00    238.05   91    1
 1.19473D-04
<cross-s.>      1.01      4.51904000D+00    238.05   91    1
 1.19585D-03
<cross-s.>      1.01      5.02116000D+00    238.05   91    1
 8.02030D-03
<cross-s.>      1.01      5.52327000D+00    238.05   91    1
 3.95324D-02
<cross-s.>      1.01      6.02539000D+00    238.05   91    1
 1.53025D-01
<cross-s.>      1.01      6.52750000D+00    238.05   91    1
 4.88621D-01
<cross-s.>      1.01      7.02962000D+00    238.05   91    1
 1.33611D+00
<cross-s.>      1.01      7.53173000D+00    238.05   91    1
 3.21968D+00
<cross-s.>      2.01      4.03400000D-01    237.05   91    1
 2.00807D-65
<cross-s.>      2.01      5.04250000D-01    237.05   91    1
 2.42386D-56
<cross-s.>      2.01      6.05100000D-01    237.05   91    1
 1.06251D-49
<cross-s.>      2.01      7.05950000D-01    237.05   91    1
 1.61301D-44
<cross-s.>      2.01      8.06800000D-01    237.05   91    1
 2.35742D-40
<cross-s.>      2.01      9.07640000D-01    237.05   91    1
 6.48887D-37
<cross-s.>      2.01      1.00849000D+00    237.05   91    1
 5.17768D-34
<cross-s.>      2.01      1.10934000D+00    237.05   91    1
 6.91394D-31
<cross-s.>      2.01      1.21019000D+00    237.05   91    1
 1.06445D-28
<cross-s.>      2.01      1.31104000D+00    237.05   91    1
 8.54642D-27
<cross-s.>      2.01      1.41189000D+00    237.05   91    1
 4.20298D-25
<cross-s.>      2.01      1.51274000D+00    237.05   91    1
 1.37649D-23
<cross-s.>      2.01      1.61359000D+00    237.05   91    1
 3.20356D-22
<cross-s.>      2.01      1.71444000D+00    237.05   91    1
 5.57733D-21
<cross-s.>      2.01      1.81529000D+00    237.05   91    1
 7.56913D-20
<cross-s.>      2.01      1.91614000D+00    237.05   91    1
 8.28004D-19
<cross-s.>      2.01      2.01699000D+00    237.05   91    1
 7.50469D-18
<cross-s.>      2.01      2.21869000D+00    237.05   91    1
 3.82887D-16
<cross-s.>      2.01      2.42039000D+00    237.05   91    1
 1.15968D-14
<cross-s.>      2.01      2.62209000D+00    237.05   91    1
 2.31267D-13
<cross-s.>      2.01      2.82378000D+00    237.05   91    1
 3.27953D-12
<cross-s.>      2.01      3.02548000D+00    237.05   91    1
 3.50772D-11
<cross-s.>      2.01      3.22718000D+00    237.05   91    1
 2.96120D-10
<cross-s.>      2.01      3.42888000D+00    237.05   91    1
 2.04522D-09
<cross-s.>      2.01      3.63058000D+00    237.05   91    1
 1.18937D-08
<cross-s.>      2.01      3.83228000D+00    237.05   91    1
 5.96088D-08
<cross-s.>      2.01      4.03398000D+00    237.05   91    1
 2.62417D-07
<cross-s.>      2.01      4.53822000D+00    237.05   91    1
 6.66703D-06
<cross-s.>      2.01      5.04247000D+00    237.05   91    1
 9.91865D-05
<cross-s.>      3.02      4.05110000D-01    236.05   91    1
 1.98544D-49
<cross-s.>      3.02      5.06390000D-01    236.05   91    1
 3.96017D-68
<cross-s.>      3.02      6.07670000D-01    236.05   91    1
 5.60773D-60
<cross-s.>      3.02      7.08940000D-01    236.05   91    1
 1.14863D-53
<cross-s.>      3.02      8.10220000D-01    236.05   91    1
 1.21825D-48
<cross-s.>      3.02      9.11500000D-01    236.05   91    1
 1.85450D-44
<cross-s.>      3.02      1.01278000D+00    236.05   91    1
 6.20176D-41
<cross-s.>      3.02      1.11406000D+00    236.05   91    1
 6.49100D-38
<cross-s.>      3.02      1.21533000D+00    236.05   91    1
 2.72401D-35
<cross-s.>      3.02      1.31661000D+00    236.05   91    1
 3.03175D-32
<cross-s.>      3.02      1.41789000D+00    236.05   91    1
 3.55367D-30
<cross-s.>      3.02      1.51917000D+00    236.05   91    1
 2.39950D-28
<cross-s.>      3.02      1.62044000D+00    236.05   91    1
 1.06615D-26
<cross-s.>      3.02      1.72172000D+00    236.05   91    1
 3.32332D-25
<cross-s.>      3.02      1.82300000D+00    236.05   91    1
 7.63968D-24
<cross-s.>      3.02      1.92428000D+00    236.05   91    1
 1.34939D-22
<cross-s.>      3.02      2.02555000D+00    236.05   91    1
 1.89362D-21
<cross-s.>      3.02      2.22811000D+00    236.05   91    1
 2.08571D-19
<cross-s.>      3.02      2.43067000D+00    236.05   91    1
 1.21602D-17
<cross-s.>      3.02      2.63322000D+00    236.05   91    1
 4.26050D-16
<cross-s.>      3.02      2.83578000D+00    236.05   91    1
 9.86427D-15
<cross-s.>      3.02      3.03833000D+00    236.05   91    1
 1.62157D-13
<cross-s.>      3.02      3.24089000D+00    236.05   91    1
 2.00226D-12
<cross-s.>      3.02      3.44344000D+00    236.05   91    1
 1.94056D-11
<cross-s.>      3.02      3.64600000D+00    236.05   91    1
 1.52985D-10
<cross-s.>      3.02      3.84855000D+00    236.05   91    1
 1.00947D-09
<cross-s.>      3.02      4.05111000D+00    236.05   91    1
 5.71017D-09
<cross-s.>      3.02      4.55750000D+00    236.05   91    1
 2.49457D-07
<cross-s.>      3.02      5.06389000D+00    236.05   91    1
 5.85316D-06
<cross-s.>      3.02      5.57028000D+00    236.05   91    1
 8.58370D-05
<cross-s.>      3.02      8.10220000D-01    236.05  180    1
 4.02185D-47
<cross-s.>      3.02      9.11500000D-01    236.05  180    1
 9.05472D-69
<cross-s.>      3.02      1.01278000D+00    236.05  180    1
 1.10972D-61
<cross-s.>      3.02      1.11405000D+00    236.05  180    1
 1.34907D-55
<cross-s.>      3.02      1.21533000D+00    236.05  180    1
 2.66931D-50
<cross-s.>      3.02      1.31661000D+00    236.05  180    1
 1.22634D-45
<cross-s.>      3.02      1.41789000D+00    236.05  180    1
 1.70710D-41
<cross-s.>      3.02      1.51917000D+00    236.05  180    1
 1.50047D-67
<cross-s.>      3.02      1.62044000D+00    236.05  180    1
 3.36539D-64
<cross-s.>      3.02      1.72172000D+00    236.05  180    1
 3.71730D-61
<cross-s.>      3.02      1.82300000D+00    236.05  180    1
 2.23344D-58
<cross-s.>      3.02      1.92428000D+00    236.05  180    1
 7.91520D-56
<cross-s.>      3.02      2.02555000D+00    236.05  180    1
 1.76854D-53
<cross-s.>      3.02      2.22811000D+00    236.05  180    1
 2.74407D-49
<cross-s.>      3.02      2.43067000D+00    236.05  180    1
 1.18184D-45
<cross-s.>      3.02      2.63322000D+00    236.05  180    1
 1.81562D-42
<cross-s.>      3.02      2.83578000D+00    236.05  180    1
 1.08692D-39
<cross-s.>      3.02      3.03833000D+00    236.05  180    1
 3.57115D-37
<cross-s.>      3.02      3.24089000D+00    236.05  180    1
 6.51527D-35
<cross-s.>      3.02      3.44344000D+00    236.05  180    1
 6.68834D-32
<cross-s.>      3.02      3.64600000D+00    236.05  180    1
 4.88542D-30
<cross-s.>      3.02      3.84855000D+00    236.05  180    1
 2.44471D-28
<cross-s.>      3.02      4.05111000D+00    236.05  180    1
 8.83848D-27
<cross-s.>      3.02      4.55750000D+00    236.05  180    1
 2.13306D-23
<cross-s.>      4.00      8.13620000D-01    235.05  180    1
 3.44560D-68
<cross-s.>      4.00      9.15330000D-01    235.05  180    1
 9.59955D-59
<cross-s.>      4.00      1.01703000D+00    235.05  180    1
 8.17830D-51
<cross-s.>      4.00      1.11873000D+00    235.05  180    1
 8.38182D-74
<cross-s.>      4.00      1.22043000D+00    235.05  180    1
 2.54587D-67
<cross-s.>      4.00      1.32214000D+00    235.05  180    1
 3.82388D-62
<cross-s.>      4.00      1.42384000D+00    235.05  180    1
 3.22846D-57
<cross-s.>      4.00      1.52554000D+00    235.05  180    1
 7.02651D-53
<cross-s.>      4.00      1.62725000D+00    235.05  180    1
 3.33925D-49
<cross-s.>      4.00      1.72895000D+00    235.05  180    1
 1.34722D-45
<cross-s.>      4.00      1.83065000D+00    235.05  180    1
 6.19395D-72
<cross-s.>      4.00      1.93236000D+00    235.05  180    1
 4.85372D-69
<cross-s.>      4.00      2.03406000D+00    235.05  180    1
 1.84765D-66
<cross-s.>      4.00      2.23746000D+00    235.05  180    1
 1.40556D-61
<cross-s.>      4.00      2.44087000D+00    235.05  180    1
 2.35613D-57
<cross-s.>      4.00      2.64428000D+00    235.05  180    1
 1.27330D-53
<cross-s.>      4.00      2.84768000D+00    235.05  180    1
 2.88436D-50
<cross-s.>      4.00      3.05109000D+00    235.05  180    1
 1.70660D-47
<cross-s.>      4.00      3.25449000D+00    235.05  180    1
 8.31052D-45
<cross-s.>      4.00      3.45790000D+00    235.05  180    1
 1.63792D-42
<cross-s.>      4.00      3.66130000D+00    235.05  180    1
 1.22212D-40
<cross-s.>      4.00      3.86471000D+00    235.05  180    1
 1.88000D-38
<cross-s.>      4.00      4.06812000D+00    235.05  180    1
 7.26453D-36
<cross-s.>      4.00      4.57663000D+00    235.05  180    1
 6.37761D-32
<cross-s.>      4.00      5.08514000D+00    235.05  180    1
 1.24415D-28
<cross-s.>      4.00      5.59366000D+00    235.05  180    1
 5.66744D-26
<cross-s.>      4.00      6.10217000D+00    235.05  180    1
 1.53426D-23
<cross-s.>      4.00      6.61069000D+00    235.05  180    1
 1.98351D-21
<cross-s.>      4.00      7.11920000D+00    235.05  180    1
 1.34665D-19
<cross-s.>      4.00      7.62772000D+00    235.05  180    1
 6.50218D-18
<cross-s.>      4.00      8.13623000D+00    235.05  180    1
 2.52852D-16
<cross-s.>      4.00      8.64475000D+00    235.05  180    1
 7.00581D-15
<cross-s.>      4.00      9.15326000D+00    235.05  180    1
 1.52196D-13
<cross-s.>      4.00      9.66177000D+00    235.05  180    1
 2.66592D-12
<cross-s.>      4.00      1.01702900D+01    235.05  180    1
 3.55174D-11
<cross-s.>      4.00      1.06788000D+01    235.05  180    1
 3.20840D-10
<cross-s.>      4.00      1.11873200D+01    235.05  180    1
 2.29148D-09
<cross-s.>      4.00      1.16958300D+01    235.05  180    1
 1.49608D-08
<cross-s.>      4.00      1.22043500D+01    235.05  180    1
 9.02569D-08
<cross-s.>      4.00      1.27128600D+01    235.05  180    1
 4.97855D-07
<cross-s.>      4.00      1.32213800D+01    235.05  180    1
 2.51315D-06
<cross-s.>      4.00      1.37298900D+01    235.05  180    1
 1.34725D-05
<cross-s.>      4.00      1.42384100D+01    235.05  180    1
 7.23970D-05
<cross-s.>      4.00      1.47469200D+01    235.05  180    1
 3.18117D-04
<cross-s.>      4.00      1.52554300D+01    235.05  180    1
 1.22829D-03
<cross-s.>      4.00      1.57639500D+01    235.05  180    1
 4.28626D-03
<cross-s.>      4.00      1.62724600D+01    235.05  180    1
 1.37332D-02
<cross-s.>      4.00      1.67809800D+01    235.05  180    1
 4.08554D-02
<cross-s.>      4.00      1.72894900D+01    235.05  180    1
 1.13853D-01
<cross-s.>      4.00      1.77980100D+01    235.05  180    1
 2.99416D-01
<cross-s.>      4.00      1.83065200D+01    235.05  180    1
 7.46923D-01
<cross-s.>      4.00      1.88150300D+01    235.05  180    1
 1.77457D+00
<cross-s.>      4.00      1.93235500D+01    235.05  180    1
 3.91347D+00
