   9  19     0.90651     0.93105     0.29489     0.39812     0.03137
  11  23     0.93233     1.01111     0.16583     0.12826     0.33808
  12  24     0.91012     0.91956     3.97452    -0.16511    -0.10822
  12  26     1.18094     1.01581     1.04929    -0.09408     0.36408
  13  27     1.01954     0.97139     1.31188     0.26846     0.40662
  14  29     1.10118     0.90427     1.10404     0.18448     0.41460
  14  30     1.07141     0.97258     2.89666    -2.22884     0.33206
  15  31     1.13289     0.97272     0.83590     0.49712    -0.15837
  16  34     1.10736     0.91084     0.53178     0.27033     0.43660
  17  35     1.03035     0.86670     0.92524     0.92217     0.35973
  17  37     0.63640     0.90039     0.54351    -0.14151    -0.18193
  18  40     1.10446     0.99527     0.65796     0.32219    -0.12930
  19  39     0.93882     1.06298     1.27443    -0.19035     0.34256
  19  41     0.93385     1.08091     0.63197    -0.53028    -0.19835
  20  40     1.00285     0.99692     0.05861     0.02978    -0.47994
  20  44     1.02221     0.91093     1.58746    -0.37984     0.41319
  21  45     1.03461     0.93849     0.04621     0.18415     0.49194
  22  47     1.19480     1.16907     0.89443    -0.75185     0.43784
  22  48     1.01040     1.01520     0.66212    -0.42681     0.37213
  22  50     1.16335     1.00288     0.74183    -0.49995     0.00766
  23  50     0.90144     1.05987     0.69449    -0.44686    -0.07634
  23  51     1.05464     1.11415     0.51483    -0.18520     0.34073
  24  50     1.01545     0.97800     4.40503     0.33952    -0.07499
  24  52     1.13115     1.01763     1.55415    -1.14981     0.34126
  24  53     0.97367     1.07378     0.33662    -0.48969     0.49803
  24  54     0.99524     0.85594     0.68425     0.05000     0.35342
  25  55     1.12646     1.03128     0.37862     0.00268     0.31237
  26  54     1.07467     0.94632     0.96809     0.05821     0.18950
  26  56     1.12056     1.08718     1.30686    -2.09152    -0.51490
  26  57     0.90265     1.14959     1.97720    -0.62874     0.36265
  26  58     1.07611     1.00113     1.09061     0.03013    -0.18117
  27  59     0.99523     0.85697     0.48500    -0.02168     0.34203
  28  58     0.99337     1.04882     0.68042    -0.16176     0.36185
  28  60     1.07502     1.03859     0.04793    -0.50559     0.28800
  28  62     0.94395     1.13298     0.55834    -0.37770     0.55902
  28  64     0.98287     0.98048     2.70774    -0.14716    -0.29394
  29  63     1.01756     1.03422     0.46628     0.51502     0.43033
  29  65     1.01298     0.97441     1.03508     0.56003     0.26281
  30  64     1.12799     0.87308     1.41058    -0.76072    -0.16010
  30  66     1.05984     0.99941     3.76184    -0.39430    -0.32353
  30  67     1.18943     1.11393     0.19560    -0.45692     0.29498
  30  68     0.99523     1.18221     0.25554     0.12667     0.39874
  31  69     0.97082     1.08791     0.05607     0.70918     0.33378
  31  71     0.94172     1.06379     0.30032    -0.13733    -0.03069
  32  72     0.96924     1.07168     0.34825     0.32950     0.30614
  33  75     0.98587     1.06735     0.30982     0.47100     0.14693
  34  78     0.98948     1.12612     0.49255    -0.09539     0.37157
  34  80     1.09435     1.04006     0.94573     0.31016     0.37456
  35  79     0.90185     1.02602     0.51953     0.51989     0.56221
  35  81     0.94334     1.04575     0.69729     0.24410     0.36692
  37  85     0.96056     0.95074     0.74493    -0.34771     0.29222
  38  88     1.01451     0.96170     2.24397    -0.08542     0.14468
  39  89     0.88980     1.02101     1.05128     0.01216     0.33308
  40  92     1.00611     1.22525     0.22087    -0.07098     0.18746
  40  94     0.99523     1.04655     0.08000     0.92366     0.54928
  40  96     0.99523     0.60910     1.62451    -0.19900     0.10314
  41  93     0.92041     1.07031     0.38485    -0.35068    -0.13261
  42  92     0.94421     1.06583     0.87038     0.13011     0.28039
  42  95     1.00604     1.00788     0.47428     0.76988     0.41079
  42  98     1.06133     1.08436     0.22369     0.24512     0.33808
  42 100     1.00000     1.00000     1.00000     0.00000     0.00000
  44 102     1.06084     0.91444     1.13478    -0.39378     0.11099
  44 104     1.04952     0.91994     1.57812    -0.51926     0.18566
  45 103     0.99815     0.94881     1.03042     0.45490     0.05183
  46 106     0.90282     1.03396     1.06525     0.12228     0.34019
  46 108     0.86151     1.01141     0.46957     0.99369    -0.05579
  46 110     1.10415     0.98595     0.70293     0.16931    -0.16951
  47 107     1.06033     1.19664     0.88641    -3.45578     0.39572
  48 112     0.99523     0.97203     1.05441    -0.07844     0.36073
  48 114     0.99528     0.62132     1.86261    -1.27484     0.09254
  49 113     0.92041     1.07031     0.38485    -0.35068    -0.13261
  49 115     0.95942     1.51162     0.26659    -1.58157     0.17418
  52 126     0.90817     1.11886     0.45516    -0.21090     0.53309
  55 133     0.96931     1.02101     0.18442     0.58243     0.34269
  56 138     1.11485     0.99731     0.03160     0.52378    -0.06535
  57 139     0.88136     1.02101     0.21879     0.98791     0.27315
  58 142     1.00580     0.96348     1.47246     0.07365     0.42240
  59 141     0.96245     1.02101     0.34440     0.63704     0.34966
  60 142     0.99482     0.94139     0.82242    -0.27984     0.34372
  60 144     0.89745     1.01432     0.81200    -0.08978     0.34162
  60 146     0.86015     0.97437     2.26505     0.26511    -0.06179
  60 148     0.95264     1.03756     1.29470     0.52579     0.04215
  62 144     1.07359     0.90303     0.95398    -0.41248     0.15081
  62 150     0.99524     0.92075     0.95384     0.29583     0.36206
  62 152     0.87808     1.02142     3.30204    -0.05697     0.30794
  62 154     0.94867     1.02461     2.38215     0.09613     0.39340
  63 151     0.91428     1.03672     0.62723     0.28573     0.33152
  64 156     1.04373     0.94521     1.89045     0.64245    -0.15274
  64 158     0.91782     1.00197     2.28031     0.62339     0.03513
  64 160     1.00000     1.00000     1.00000     0.00000     0.00000
  66 156     0.92022     0.93289     0.03210     0.66267    -0.11675
  66 162     0.99010     0.95085     1.71427     0.06208     0.42524
  66 164     0.90708     0.92272     4.00548    -0.18956    -0.10822
  67 165     0.87916     1.02101     1.18814    -0.02674     0.33976
  68 168     1.00000     1.00000     1.00000     0.00000     0.00000
  68 170     0.99523     0.95157     1.24062    -0.28572     0.36206
  70 172     0.99525     0.94102     1.01921    -0.28672     0.36206
  70 174     0.99523     0.96618     1.14901    -2.61501     0.25841
  70 176     1.00000     1.00000     1.00000     0.00000     0.00000
  71 175     1.04333     0.77958     0.46491    -2.43269     0.39559
  72 178     0.99521     0.93301     0.96200    -0.28598     0.36206
  72 180     0.99523     1.00530     0.69343    -1.60029    -0.60662
  73 181     0.92041     1.07031     0.38485    -0.35068    -0.13261
  74 184     0.20303     1.02101     1.77159    -0.44980     0.32680
  74 186     0.29588     1.12026     2.74570    -1.25638     0.06405
  75 185     0.99523     1.04859     0.58442    -0.28753     0.36206
  76 190     0.84318     0.89403     4.65373    -0.22020    -0.07708
  76 192     0.88597     1.11312     0.55475    -0.26033     0.53530
  77 191     0.99523     0.55289     0.85280     1.50207    -0.26504
  78 194     1.01860     1.05359     1.39043    -0.07067     0.67635
  78 196     1.04384     0.98348     2.06682    -0.36062    -0.13274
  79 197     1.00000     1.00000     1.00000     0.00000     0.00000
  81 203     0.96588     1.03432     2.38828     0.09373     0.39340
  81 205     1.07724     0.91408     1.02004     0.30373     0.41949
  82 206     1.06635     0.93833     1.01169    -0.31579     0.15906
  83 209     0.85596     1.02113     1.94674    -0.38577     0.29123
