   8  16     1.09525     0.63313     1.57285     1.38374    -1.72248     0.12787    -0.25622    -0.59601     0.16974    -0.56743
   8  17     0.97005     0.89369     0.91444     0.84252     0.02719    -0.52138     0.33720     0.11247     0.09846    -0.37440
   9  19     0.85837     0.99687     0.90478     1.23668    -0.38294    -0.16328     0.29032    -0.42647     0.03627     0.43078
  11  23     0.81732     1.04522     1.22887     0.89606    -0.32259     0.03124     0.40509     0.04799     0.25691     0.58810
  12  24     0.90724     0.97490     2.19262     1.23996    -2.93738    -0.04066    -0.25622    -0.59601    -0.20333    -0.68314
  12  25     1.11262     1.06632     1.27132     1.09900     0.36453     0.54822    -0.28380    -0.05562     0.16909     0.06720
  12  26     1.13808     0.98745     0.86005     1.11043    -0.19626     0.02641    -0.34315     0.31507    -0.01522     0.41313
  13  27     0.74079     1.00639     0.62739     1.05280    -0.74467    -0.00848     0.39709     0.21264     0.05204     0.48535
  14  28     0.89470     1.01809     0.39818     0.79291    -1.31064    -0.40102     0.56372    -0.15354    -0.41224     0.39196
  14  29     0.87331     0.95273     1.12138     1.35277     0.05221    -0.14284     0.29032    -0.42647     0.39126     0.59643
  14  30     1.05367     0.93831     0.94662     0.82664     0.02568     0.29536     0.17930     0.46040     0.15443    -0.32988
  15  31     1.12087     1.04031     0.83184     0.84539     0.07195     0.31147    -0.18699     0.45348     0.17542     0.08660
  16  32     0.90135     0.33528     2.33415     1.85276    -0.26467     0.85653    -0.25622    -0.59601     0.46221    -0.39741
  16  34     0.90156     0.84410     0.78000     1.02107    -0.16561    -0.42722     0.56372    -0.15354     0.05569     0.31884
  17  35     1.10373     0.99005     0.62376     1.20921    -0.57467     0.01102    -0.34315     0.31507     0.95070     0.35304
  17  37     1.06164     1.01182     1.01616     0.88949    -0.19171    -0.17498    -0.38768     0.43959    -0.07768    -0.54943
  18  38     0.92874     1.04187     0.98121     1.52300     0.42670    -0.25441     0.29032    -0.42647     0.81349     0.31330
  18  40     1.04515     1.11138     1.05235     0.84169     0.12923     0.23007     0.24285     0.34175     0.23925    -0.21303
  19  39     0.99437     1.01192     0.97004     0.86524    -0.21858    -0.02154    -0.10892     0.45409    -0.09919    -0.55211
  19  41     1.03074     0.87429     1.08754     1.13234    -0.34013     0.10623    -0.33350    -0.39502     0.15216    -0.46634
  20  42     1.05016     1.03214     1.12809     1.00866    -0.45904    -0.36101     0.06753    -0.30187    -0.22932    -0.18149
  20  43     1.07325     1.01144     0.99436     0.87382     0.01305    -0.00407    -0.38768     0.43959    -0.03722    -0.55180
  20  44     0.96583     1.00116     1.10605     1.14410    -0.36081    -0.42567     0.19830    -0.51933    -0.15676    -0.07805
  20  48     1.03921     0.91588     0.87738     0.77793    -0.86897    -0.35102    -0.16091    -0.43824     0.35456    -0.56816
  21  45     0.96480     0.95188     1.25171     0.77452    -0.32604     0.14756     0.43451    -0.33211    -0.20306     0.09687
  22  46     0.89066     1.19276     1.06737     0.53912    -0.43910    -0.56293     1.15416     0.04231     0.14298     0.23501
  22  47     0.92604     0.97306     1.21730     1.07023     0.21171     0.05822    -0.25636    -0.27883    -0.24673    -0.29375
  22  48     0.78374     0.98014     0.98461     1.32265    -0.36544    -0.10930     0.29032    -0.42647    -0.23225     0.44442
  22  49     0.86520     0.96236     1.31303     0.96384     0.13064     0.29063     0.49451     0.24846     0.25632     0.17026
  22  50     1.05121     0.94292     1.08035     0.97429    -0.15755     0.57025    -0.21686    -0.52527    -0.64696    -0.05243
  23  51     1.05944     0.94591     1.25647     0.84288     0.09953     0.57786    -0.21686    -0.52527     0.03346    -0.10522
  24  50     1.08995     0.78574     0.82741     1.01306    -0.42729     0.01520     0.13387     0.33977     0.32278     0.39780
  24  52     1.01624     1.05022     0.95262     0.81169    -0.01508     0.26370     0.43392     0.33906     0.22068    -0.16960
  24  54     1.08642     0.93417     1.06475     0.83307    -0.24665     0.28881     0.17930     0.46040    -0.39057    -0.31970
  25  55     1.05279     0.89987     1.18009     0.76604    -0.11594     0.06937     0.20502    -0.34591     0.01641     0.10676
  26  54     1.02871     0.94535     0.80849     0.81088    -0.67032    -0.12233     1.00637    -0.34756    -0.15818     0.29609
  26  56     1.02682     1.13305     0.78234     1.18713     0.20275     0.12843     0.77689     0.32709     0.34558     0.00724
  26  57     0.98450     0.80381     1.19031     0.83796     0.08177    -0.21432     0.37787    -0.33189     0.05418    -0.48446
  27  59     0.95890     0.86752     1.02229     1.00791    -0.07621    -0.30867     0.43789    -0.31885    -0.11737    -0.49701
  28  58     1.13992     0.97830     0.98798     0.78457    -0.28487    -0.10712     0.24755    -0.34580    -0.07682     0.09922
  28  60     1.09331     1.10203     1.12067     1.06400    -0.00678    -0.11131     0.39541    -0.50512    -0.23134     0.29481
  28  61     1.09615     0.44800     1.22512     0.91381    -1.02537     1.15631     0.18662    -0.34580    -0.87708     1.40570
  28  62     1.07290     1.10814     1.22443     1.09106    -0.01564     0.47309     0.34637    -0.50430    -0.29287     0.48340
  28  64     1.02119     1.10338     1.14178     0.84850     0.07088     0.22657     0.24285     0.34175     0.06392    -0.20454
  29  63     1.04219     0.95668     1.08371     0.75247     0.57997     0.10181     0.53370    -0.42851     0.29306    -0.13150
  29  65     1.06648     1.04773     1.21925     0.93208     0.54587    -0.55763     0.02062     0.50581     0.09546     0.13838
  30  64     1.11317     1.09753     0.96752     0.91910    -0.23884    -0.19308     0.75904    -0.34808    -0.18694    -0.10347
  30  66     1.06426     1.13266     1.03879     1.06055     0.09104     0.29579     0.32489     0.32981     0.13738    -0.15875
  30  67     1.04643     1.04971     1.14659     0.91809     0.59964    -0.55353    -0.01461     0.50203    -0.44473     0.12405
  30  68     1.08939     1.07039     1.13342     1.04714     0.33323     0.45084     0.58883    -0.51797    -0.02383    -0.11526
  31  69     1.10990     1.06505     1.17272     1.04820     0.47174     0.43846    -0.27049    -0.08319     0.13203     0.09717
  31  71     0.97892     1.02338     0.92891     1.20740     0.22101     0.16118     0.26175     0.51508     0.05980    -0.58478
  33  75     0.90580     0.98854     1.08222     1.30724     0.20505    -0.13983     0.34897    -0.43498     0.59386     0.41071
  34  74     1.04753     1.04319     1.17692     0.91667     0.42171     0.21553    -0.21480     0.26657     0.57148    -0.26548
  34  76     1.07443     0.94479     1.16762     0.79169    -0.20286    -0.07884     0.11746    -0.32832    -0.24193     0.04447
  34  77     1.04621     1.08497     1.16909     1.04739     0.17751     0.42042     0.58883    -0.51797    -0.04326    -0.17559
  34  78     1.14409     1.00372     1.02958     1.02877    -0.16350    -0.49908    -0.41817     0.08240    -0.76217     0.25875
  34  80     1.06320     0.90642     0.80085     1.13297     0.49705    -0.36355     0.15197     0.43347    -0.19327    -0.29755
  34  82     1.03084     1.04820     1.11179     0.85919     0.41836     0.22821    -0.42218     0.21944     0.59567    -0.24249
  35  79     1.08099     1.11858     1.04076     0.88394     0.34862     0.21364     0.28954     0.41611     0.17095    -0.22241
  35  81     0.91128     1.04435     0.93303     0.96641     0.05109     0.36216     0.40070    -0.49011    -0.05325     0.04287
  36  78     1.01860     0.85326     1.29516     1.22915     0.09211    -0.54326    -0.41006     0.32655    -0.58601    -0.40062
  36  80     1.04748     0.91066     1.14358     0.84712    -0.06235     0.61665    -0.14809    -0.52515    -0.26963    -0.07084
  36  82     0.97075     0.91416     1.03296     1.00882     0.10861    -0.31728     0.34473     0.10162     0.20680     0.34294
  37  85     0.96050     0.97612     1.25887     1.06599    -0.50330     0.23026    -0.24620    -0.59570    -0.05128    -0.53670
  37  87     1.01436     0.91568     1.21917     1.20314     0.00206    -0.08877     0.03274    -0.01411     0.95224    -0.36425
  38  84     0.95171     0.91819     0.99920     0.93499     0.31772    -0.46047     0.41228     0.08630     0.39707     0.44467
  38  86     1.02279     0.95067     1.11094     0.88831    -0.16714     0.05092     0.22317    -0.34580    -0.08997     0.05387
  38  88     1.16734     1.00271     0.83776     1.13384    -0.05817    -0.45179    -0.17400    -0.24413    -0.33495    -0.24184
  39  89     0.87477     1.00480     1.08564     1.26785    -0.24069    -0.13558     0.30209    -0.42647     0.06593     0.48816
  41  93     1.01164     0.94237     1.15893     1.12891    -0.28010     0.14121    -0.33276    -0.39281     0.15727    -0.39197
  42  92     0.83785     0.91818     1.00587     0.92558    -0.03181    -0.42178     0.09950     0.10162     0.61608     0.61637
  42  94     1.02657     1.01181     0.86974     0.87812     0.00412    -0.01199    -0.38768     0.43959    -0.02164    -0.55624
  42  95     1.10699     0.90053     0.90404     1.12939     0.45439    -0.07468    -0.15214    -0.25708    -0.07346     0.46990
  42  96     1.05926     0.93942     1.00671     0.86921    -0.11427     0.30580     0.17930     0.46040    -0.12847    -0.33895
  42  97     0.93293     1.01943     1.03168     1.07292     0.47351    -0.10431    -0.12388     0.14699     0.02156     0.48557
  42  98     0.93279     0.91564     0.97821     0.91601     0.31151    -0.48386     0.34473     0.10162     0.37059     0.43788
  42 100     1.10998     0.99903     1.10874     1.07977    -0.58644    -0.27823     0.05311    -0.23526    -0.79251    -0.00929
  44  96     1.00665     1.04818     0.99828     0.91398     0.49304     0.17817     0.12872     0.26882     0.65754    -0.24697
  44  98     0.97482     1.00116     1.05922     1.10147    -0.28742    -0.41744     0.19306    -0.51955    -0.09947    -0.07796
  44 100     1.03157     1.03930     0.95756     0.74092     0.49105     0.25984    -0.42327     0.22179     0.48958    -0.39688
  44 101     0.94779     0.90242     0.92589     1.09997     0.61326    -0.46277    -0.03042    -0.22587     0.19944     0.24535
  44 104     1.18657     1.00266     0.94149     1.20453    -0.18409     0.00867    -0.33942     0.31882     0.51500     0.39538
  45 103     1.02548     0.96458     0.88127     1.24248     0.70293    -0.39209     0.01041    -0.22014    -0.17601    -0.23787
  46 102     0.92661     0.91536     1.06127     1.02096     0.13817     0.23994     0.40896     0.30097     0.33332     0.30399
  46 105     0.94302     0.88650     0.88176     1.05785     0.83284    -0.48495    -0.03042    -0.22587     0.19751     0.00890
  46 108     1.06147     1.01175     0.87268     0.92924     0.13578    -0.01198    -0.38768     0.43959    -0.07475    -0.55231
  46 110     0.94953     0.90993     1.22740     1.04081     0.08016     0.22016     1.36181     0.23885     0.25631     0.26935
  47 107     0.94953     0.90993     2.30772     1.04013     0.54311     0.22016     0.61709     0.24846    -1.92403     0.26935
  47 109     0.92282     1.02591     1.03606     1.03775     0.63980    -0.09687     0.03172     0.19914    -0.07871     0.47480
  48 106     1.10965     1.07294     1.25035     1.12494     0.32225     0.69007    -0.33878    -0.06114     0.07404     0.06329
  48 108     0.91190     0.87434     1.38351     1.47955    -0.01429    -0.16329     0.36509    -0.50714     0.47680     0.39086
  48 110     0.89825     0.97121     0.94654     1.16875    -0.11570    -0.18150     0.29727    -0.42653     0.06953     0.45099
  48 112     1.07645     0.97653     0.80851     1.05616    -0.09260    -0.05479    -0.34315     0.31507     0.30095     0.38127
  48 113     0.89302     1.05420     1.12033     1.18283     1.17832    -0.08031    -0.47752    -0.29252    -0.04699    -0.55372
  48 114     1.08202     1.08643     1.16668     1.10664     0.06522     0.58073     0.00799    -0.03805     0.28297     0.24206
  48 116     1.06794     1.09436     1.11928     0.87661    -0.21382    -0.11714    -0.44490     0.20881     0.41764    -0.07355
  49 113     0.91083     0.90656     1.39424     1.03879    -0.08747     0.22016     0.65920     0.13611     0.32293     0.26935
  49 115     1.01648     0.89171     1.24825     1.04063     0.53249    -0.04246    -0.81093    -0.11257     0.84296     0.40131
  50 112     0.82269     0.89787     2.34923     1.64082    -0.48072     0.01654     0.90689    -0.20605    -2.19088    -0.32699
  50 114     1.08100     0.96250     1.33167     0.94676    -0.47717    -0.03295     0.12431    -0.35956    -0.35041     0.08220
  50 116     1.10392     1.00204     0.96653     1.03164     0.32199    -0.53856    -0.18993     0.08240     0.00991     0.20644
  50 117     1.04218     0.90286     1.19495     0.89803    -0.25734     0.58770    -0.21686    -0.52527    -0.32050    -0.06185
  50 118     1.05683     1.01181     0.90496     0.89368    -0.06164    -0.01058    -0.38768     0.43959    -0.01089    -0.55600
  50 120     0.92020     1.07311     0.93843     0.94989     0.74561     0.02342     0.40783     0.11128     1.45960    -0.24703
  50 122     0.90929     1.06852     1.02870     1.05007    -0.33088    -0.05963     0.39709     0.21264     0.24253     0.43189
  50 124     1.04559     0.92601     1.10513     1.12520    -0.14514    -0.09836     0.03274    -0.01411     0.44470    -0.42737
  51 121     0.98841     0.95012     0.98490     1.04240     0.45374     0.08378     0.24989     0.51509    -0.27510    -0.59079
  51 123     0.97768     0.91692     1.02597     0.86394     0.39246    -0.46642    -0.03875    -0.51462    -0.59449     0.27773
  52 120     0.98117     0.91680     1.00382     0.86450     0.32971    -0.46145    -0.06275    -0.51063    -0.59368     0.27816
  52 122     1.08678     1.07386     1.12072     1.05839     0.34164     0.62318    -0.19307    -0.00926    -0.06834     0.02311
  52 124     1.03614     1.05039     1.07237     0.88973     0.41234     0.22821    -0.42327     0.22179     0.60428    -0.24273
  52 126     0.87636     0.98450     1.07106     1.12987     0.01285    -0.24619     0.29032    -0.42647     0.25213     0.47710
  52 128     0.90510     1.02520     1.12195     1.16209     0.43572     0.10454    -0.15400    -0.28762     0.23665    -0.54214
  52 130     1.01513     1.05334     1.16908     1.10318     0.09897     0.17045     0.32634    -0.51373     0.13679     0.44176
  53 127     0.93962     0.90700     1.34058     1.08377     0.35767     0.22016     0.47870     0.35625     0.19669     0.29075
  54 124     1.06841     0.96250     1.21180     0.89366    -0.31696     0.01895     0.19140    -0.34697    -0.33453     0.08219
  54 126     1.06053     0.95925     1.34194     0.91150    -0.46101    -0.03186     0.28990    -0.35459    -0.43300     0.08219
  54 128     1.06243     1.04329     0.91173     0.98612    -0.08789    -0.03764    -0.28010     0.47999    -0.09945    -0.55692
  54 131     0.87701     1.02538     1.17757     1.13979     0.47945     0.01643    -0.15400    -0.28762     0.10012    -0.57396
  54 134     1.11400     0.91457     0.87004     1.10494     0.07277    -0.05874    -0.15372    -0.25708    -0.09787     0.42823
  54 136     1.11160     1.06823     1.17436     1.06416     0.41815     0.54522    -0.28380    -0.05562     0.14199     0.06494
  55 133     0.86760     0.87811     1.15080     0.94351    -0.05298     1.13011    -1.83471    -0.47853     0.21424     0.00557
  56 130     0.68804     0.96250     6.52810     2.93427    -0.35904    -0.63608     9.17649    -1.64087    -2.26809     0.08219
  56 132     0.93056     1.01299     1.07416     0.96276     0.05332    -0.18317     1.64637    -0.48817     0.13797     0.48338
  56 134     0.90806     1.00003     0.98656     1.20738     0.01984    -0.16067     0.74998    -0.47582    -0.01295     0.48027
  56 136     0.95095     1.01707     1.04969     1.06501     0.28807    -0.10289    -0.12388     0.14699     0.16548     0.48506
  56 137     0.87986     0.91439     1.17612     0.93681     0.05152     0.07125    -0.03748    -0.24139     0.44511    -0.53414
  56 138     1.01740     0.93794     0.94000     0.86446    -0.08286     0.29870     0.17930     0.46040    -0.14653    -0.33222
  57 139     0.84256     0.91568     1.13672     0.94494     0.06143     0.07125    -0.03748    -0.24139     0.43276    -0.53183
  58 136     0.95184     0.97739     1.96380     1.06039    -0.58674    -0.19308     0.18942    -0.29381    -1.30296     0.28603
  58 138     1.04431     1.10946     1.07618     0.88673     0.22124     0.21851     0.25184     0.34283     0.24515    -0.22164
  58 140     0.87489     0.96158     1.14736     1.01110    -0.13005    -0.35542     0.05255     0.53449     1.46569     0.63357
  59 141     1.00676     1.01932     1.14785     0.99927     0.22897     0.36287     0.11215    -0.45749    -1.16117     0.10450
  60 142     1.03659     0.91087     1.12267     0.90651    -0.66907    -0.42957     0.00054    -0.44061     0.14596    -0.55776
  60 143     0.96681     1.02434     1.03758     1.05726     0.64528    -0.10431    -0.12388     0.14699     0.02457     0.48557
  60 144     1.16536     0.71394     0.83563     1.17537     0.31702    -0.07411    -0.05697    -0.25900    -0.04668     0.43464
  60 145     1.01648     0.43025     0.92119     1.19175     2.10630     0.67541    -0.40661     0.08513     0.03896     0.43760
  60 146     1.03637     0.95571     0.97307     0.89656    -0.08712     0.31630     0.19939     0.36753    -0.15022    -0.34015
  60 148     0.94810     1.02434     0.96352     1.18312     0.20841     0.06657     0.08510     0.26826     0.03760     0.48557
  60 150     0.89744     1.06425     1.02971     0.99368    -0.54900    -0.04567     0.48981     0.14886     0.26550     0.43631
  62 144     1.01723     1.01915     0.99115     1.08093    -0.38300    -0.41633     0.56773    -0.52766    -0.86002    -0.09186
  62 148     0.91510     1.11573     0.92025     1.07209     1.70590    -0.00398     3.19275    -1.07231    -0.59440     0.11950
  62 149     0.97639     0.97181     1.13528     1.08748     1.18375    -0.08154    -0.16064    -0.28060    -1.32986    -0.26815
  62 150     0.99523     1.10784     0.96327     0.94889     1.06092    -0.09060     1.07729    -0.13278    -0.13731    -0.05678
  62 152     1.08208     0.90450     0.91789     1.05432     0.88781    -0.39479     0.14148     0.43601    -0.16667    -0.29795
  62 154     1.08207     0.90449     0.81702     1.26825     1.29186    -0.47401     0.40128     0.46222    -0.16667    -0.29795
  63 151     1.01860     0.90205     0.98870     1.00681     0.27438    -0.95443     0.98105     0.29059    -0.40534    -0.38650
  63 153     0.82120     1.02359     1.09099     1.16643     1.07163    -0.07263    -0.39544    -0.23992    -0.23415    -0.53766
  64 152     0.93317     0.98709     1.56867     1.34005     0.88333    -0.11287    -0.03276    -0.28762     0.18317    -0.57412
  64 154     0.96097     0.91667     1.41554     1.04731     0.61987     0.30240     0.28533     0.40439     0.32714     0.26935
  64 155     0.88356     1.11572     0.97462     0.97091     1.02537    -0.28012     0.15975    -0.48301    -0.59440     0.11950
  64 156     0.94577     0.86354     0.94173     0.74530     0.16768    -0.56307     0.29945     0.18671     0.22293    -0.38046
  64 157     0.81585     0.86608     1.07443     1.01872    -0.40461     0.01654    -0.75408    -0.22354    -0.83311    -0.23255
  64 158     0.94782     0.77070     0.95460     1.02792     1.07396    -0.45875    -0.09262    -0.22587     0.21737     0.17907
  64 160     1.08208     0.90443     0.84226     1.07737     0.54002    -0.36015     0.15482     0.43299    -0.16667    -0.29795
  65 159     0.88987     0.98450     1.05040     1.18703    -0.15115    -0.15604     0.43900    -0.42107     0.26722     0.42833
  66 156     1.07715     1.02307     1.06473     0.91534     0.12771     0.40097     0.96254    -0.53191    -0.39392    -0.03358
  66 158     1.12009     1.07457     1.10122     1.01368    -0.08785     0.43280     1.17228    -0.71344    -0.41399    -0.20113
  66 160     1.08414     1.05661     1.11465     1.04096     0.31443     0.53600    -0.16191    -0.03441     0.18911     0.05828
  66 161     0.94215     1.02520     1.16845     1.12462     0.67763     0.01746    -0.15400    -0.28762     0.00326    -0.56362
  66 162     0.85616     0.92379     1.11720     0.95918    -0.02769     0.04634    -0.03748    -0.24139     0.57282    -0.49253
  67 165     0.81300     0.79845     1.08520     0.84869     0.39288    -0.16588    -0.11412     0.59861    -0.36668     0.57846
  68 162     1.02139     0.90019     1.10767     0.92355     0.01049     0.57755     0.37973    -0.51799    -0.63881    -0.06994
  68 164     1.09445     1.10778     1.11223     0.91811    -0.18684    -0.07539    -0.36032     0.26735     0.26524    -0.09272
  69 169     1.10955     1.07954     1.09980     1.02159     0.52044     0.41687     0.73473    -0.47654    -0.16455    -0.16599
  70 168     0.91730     1.05565     1.12445     0.90444    -0.18082    -0.23474     0.19893     0.04875     0.24845     0.43545
  70 170     0.94953     0.90993     1.25483     1.10576     0.29315     0.22016     0.53171     0.24846     0.25631     0.26935
  70 172     1.09552     0.95657     1.04956     1.15975     0.48918     0.55826    -0.03370     0.07469    -0.22560    -0.39891
  70 173     0.92491     1.02434     1.03542     0.98912     0.37365    -0.10431    -0.12388     0.14699    -0.00525     0.48557
  70 174     1.05144     0.91129     1.07626     1.12612    -0.41456    -0.09936     0.03274    -0.01411     0.35164    -0.42008
  71 175     1.06222     1.05438     1.09572     0.92372    -0.07572    -0.54453    -0.03276     0.50423    -0.37196     0.06714
  72 174     0.94562     0.88875     2.14661     1.29831    -0.92996    -1.38253     2.45376    -0.27381     0.49977    -0.42494
  72 176     1.03396     0.91429     1.64010     0.99960    -0.87055    -2.14850     1.58649    -0.45831     0.88050    -0.57595
  72 179     1.05681     0.92197     1.06187     1.06209    -0.03330    -0.09654     0.03274    -0.01411     0.38793    -0.43635
  73 181     0.94885     0.97045     1.15422     1.01084    -0.92725     0.26637    -0.23653    -0.58633    -0.26082    -0.55404
  74 180     0.99523     0.90648     0.91449     0.93942     0.56242     0.00655     0.25420    -0.06118    -0.06577    -0.05678
  74 182     1.03838     0.90249     1.00413     1.05428     0.79137    -0.48879    -0.14617    -0.47778    -0.56998     0.27765
  74 183     0.96015     0.97490     1.17901     1.04372    -0.71187     0.23057    -0.24867    -0.59432     0.05771    -0.53054
  74 184     1.08997     1.04381     1.12156     0.92136     0.42545    -0.56809    -0.01359     0.50462    -0.37931     0.07762
  74 186     1.09745     1.18038     1.17976     1.00517     0.57953     0.37636    -1.12695    -0.05747    -1.97805     0.57420
  75 185     0.95878     0.97490     1.18315     1.03607    -0.51402     0.24173    -0.26069    -0.59731    -0.07852    -0.53550
  75 187     0.92484     1.01426     1.07774     0.93755     0.63647    -0.21475     0.22124     0.04799     0.30626     0.49753
  76 188     1.01933     0.94161     1.00064     1.02296     0.35164     0.09296     0.26505     0.51932    -0.26278    -0.58520
  76 189     0.99166     0.89719     0.95243     0.91921    -0.07784    -0.52077     0.33720     0.11247     0.26031    -0.37440
  76 190     0.99074     0.89644     1.01045     0.94358     0.39177    -0.46642    -0.03875    -0.51462    -0.60325     0.26156
  76 192     1.12361     1.62493     1.04354     1.16775     0.02450     0.43640     0.42627     0.58651    -0.44370     0.08075
  77 191     0.91092     0.94435     1.01711     1.16181     0.23518    -0.28016    -0.28659    -0.42647    -0.88590     0.53637
  77 193     0.93185     0.79978     1.12392     1.02244     0.32022     0.21775    -0.00798     0.19317     0.07402     0.26935
  78 190     1.04125     0.90044     1.14041     0.90544    -0.10281     0.58312    -0.26518    -0.55711    -0.39267    -0.06994
  78 192     1.04125     0.90044     1.10385     0.91738    -0.14733     0.58312    -0.23081    -0.52670    -0.39267    -0.06994
  78 194     0.99236     0.89517     0.96032     0.91571     0.06150    -0.52077     0.33720     0.11247     0.19174    -0.37458
  78 196     0.92887     0.82626     1.07767     0.81757     1.48743    -0.23493     0.22124     0.04799    -0.66293     0.43398
  78 198     0.95878     0.97490     1.15598     1.04359    -0.56845     0.24055    -0.25379    -0.58273    -0.07852    -0.53550
  79 197     0.97319     0.95350     1.12130     1.02644     1.02884    -0.23325     0.96784    -0.34218     0.26517     0.42982
  81 203     0.90806     0.85288     0.96118     0.98923     0.89872    -0.45017    -0.36399    -0.29995     0.11765     0.17411
  81 205     0.91495     0.74396     1.04511     0.90009     1.72338    -0.14645    -0.12901     0.59295    -0.89763     0.62196
  82 204     1.01648     0.89661     1.12248     1.03936     0.61883    -0.03032    -0.25287     0.06757     0.40077     0.48240
  82 206     1.02866     0.86645     1.07121     0.91337    -0.20851     0.58224    -0.19306    -0.51782    -0.38419    -0.05943
  82 207     0.85551     0.86103     1.08240     0.97378     0.09887    -0.09472    -0.10142    -0.27627     0.34314    -0.55739
  82 208     1.11021     1.27642     1.15165     0.53032     0.92829    -0.55317    -0.17499     0.08500    -0.69081     0.20644
  83 209     0.83203     0.88663     1.34887     0.99958    -0.37666     0.08900    -0.18693    -0.24102     0.43655    -0.53069
  90 232     0.89599     0.94168     1.02674     1.02938    -0.52210    -0.17235     0.00742     0.53493     0.45987     0.24790
  92 235     1.31096     1.13511     0.92145     0.92792     0.29498     0.30893    -0.19359     0.45169     0.07707     0.08660
