 n-H002.res.endfb8.0: Merger of MF1 and MF2                         99 0  0    0
 1.002000+3 1.996800+0          1          0          0          0 128 1451    1
 0.000000+0 0.000000+0          0          0          0          6 128 1451    2
 1.000000+0 1.500000+8          0          0         10          8 128 1451    3
 0.000000+0 0.000000+0          0          0          1          2 128 1451    4
  1-H -  2 LANL       EVAL-FEB97 P.G.Young,G.M.Hale,M.B.Chadwick   128 1451    5
 CH97,CH99            DIST-FEB18                       20111222    128 1451    6
----ENDF/B-VIII.0     MATERIAL  128                                128 1451    7
-----INCIDENT NEUTRON DATA                                         128 1451    8
------ENDF-6 FORMAT                                                128 1451    9
                                                                   128 1451   10
                                1        451         12          0 128 1451   11
                                2        151          4          0 128 1451   12
                                                                   128 1  099999
                                                                   128 0  0    0
 1.002000+3 1.996800+0          0          0          1          0 128 2151    1
 1.002000+3 1.000000+0          0          0          1          0 128 2151    2
 1.000000-5 1.000000+8          0          0          0          0 128 2151    3
 1.000000+0 5.197700-1          0          0          0          0 128 2151    4
 0.000000+0 0.000000+0          0          0          0          0 128 2  0    5
 0.000000+0 0.000000+0          0          0          0          0 128 0  0    0
                                                                     0 0  0    0
                                                                    -1 0  0    0
