 n-K040.res.endfb8.0: Merger of MF1 and MF2                         99 0  0    0
 1.904000+4 3.962070+1          1          0          0          31928 1451    1
 0.000000+0 1.000000+0          0          0          0          61928 1451    2
 1.000000+0 2.000000+7          0          0         10          81928 1451    3
 0.000000+0 0.000000+0          0          0          1          21928 1451    4
 19-K - 40 FUJI E.C.  EVAL-MAY87 H.Nakamura                       1928 1451    5
 NDS 148, 1 (2018)    DIST-FEB18 REV3-MAY01            20111222   1928 1451    6
----ENDF/B-VIII.0     MATERIAL 1928         REVISION 3            1928 1451    7
-----INCIDENT NEUTRON DATA                                        1928 1451    8
------ENDF-6 FORMAT                                               1928 1451    9
                                                                  1928 1451   10
                                1        451         12          01928 1451   11
                                2        151          4          01928 1451   12
                                                                  1928 1  099999
                                                                  1928 0  0    0
 1.904000+4 3.962070+1          0          0          1          01928 2151    1
 1.904000+4 1.000000+0          0          0          1          01928 2151    2
 0.000000+0 0.000000+0          0          0          0          01928 2151    3
 4.000000+0 4.295470-1          0          0          0          01928 2151    4
 0.000000+0 0.000000+0          0          0          0          01928 2  0    5
 0.000000+0 0.000000+0          0          0          0          01928 0  0    0
                                                                     0 0  0    0
                                                                    -1 0  0    0
