 n-O016.res.endfb8.0: Merger of MF1 and MF2                         99 0  0    0
 8016.00000 15.8575100          1          0          0          3 825 1451    1
 0.0        0.0                 0          0          0          6 825 1451    2
 1.00000000 30000000.0          0          0         10          8 825 1451    3
 0.0        0.0                 0          0          1          2 825 1451    4
  8-O - 16 LANL       EVAL-DEC16 Hale,Paris,Young,Chadwick         825 1451    5
CH96AB,CA98,Ch99,Yo01 DIST-FEB18                                   825 1451    6
----ENDF/B-VIII.0     MATERIAL  825                                825 1451    7
-----INCIDENT NEUTRON DATA                                         825 1451    8
------ENDF-6 FORMAT                                                825 1451    9
****************************************************************** 825 1451   10
                                1        451         12          0 825 1451   11
                                2        151          4          0 825 1451   12
                                                                   825 1  099999
                                                                   825 0  0    0
 8016.00000 15.8575100          0          0          1          0 825 2151    1
 8.016000+3 1.000000+0          0          0          1          0 825 2151    2
 1.000000-5 1.500000+8          0          0          0          0 825 2151    3
 0.000000+0 5.494627-1          0          0          0          0 825 2151    4
                                                                   825 2  0    5
                                                                   825 0  0    0
                                                                     0 0  0    0
                                                                    -1 0  0    0
