 n-P031.res.endfb8.0: Merger of MF1 and MF2                         99 0  0    0
 1.503100+4 3.070800+1          1          0          0          11525 1451    1
 0.000000+0 0.000000+0          0          0          0          61525 1451    2
 1.000000+0 1.500000+8          0          0         10          81525 1451    3
 0.000000+0 0.000000+0          0          0          1          21525 1451    4
 15-P - 31 LANL,LLNL  EVAL-DEC97 M.Chadwick,P.Young,R.Howerton    1525 1451    5
 CH98,CH99            DIST-FEB18                       20111222   1525 1451    6
----ENDF/B-VIII.0     MATERIAL 1525                               1525 1451    7
-----INCIDENT NEUTRON DATA                                        1525 1451    8
------ENDF-6 FORMAT                                               1525 1451    9
                                                                  1525 1451   10
                                1        451         12          01525 1451   11
                                2        151          4          01525 1451   12
                                                                  1525 1  099999
                                                                  1525 0  0    0
 1.503100+4 3.070800+1          0          0          1          01525 2151    1
 1.503100+4 1.000000+0          0          0          1          01525 2151    2
 1.000000-5 2.000000+7          0          0          0          01525 2151    3
 5.000000-1 5.710000-1          0          0          0          01525 2151    4
 0.000000+0 0.000000+0          0          0          0          01525 2  0    5
 0.000000+0 0.000000+0          0          0          0          01525 0  0    0
                                                                     0 0  0    0
                                                                    -1 0  0    0
