 n-Pm148m.res.endfb8.0: Merger of MF1 and MF2                       99 0  0    0
 6.114800+4 1.466500+2          1          0          0          06153 1451    1
 1.379000+5 1.000000+0          2          1          0          66153 1451    2
 1.000000+0 2.000000+7          0          0         10          86153 1451    3
 0.000000+0 0.000000+0          0          0          1          26153 1451    4
 61-Pm-148MCNDC       EVAL-SEP01 You-Xiang Zhuang, Qing-Biao Shen 6153 1451    5
 NDS 148, 1 (2018)    DIST-FEB18                       20111222   6153 1451    6
----ENDF/B-VIII.0     MATERIAL 6153                               6153 1451    7
-----INCIDENT NEUTRON DATA                                        6153 1451    8
------ENDF-6 FORMAT                                               6153 1451    9
                                                                  6153 1451   10
                                1        451         12          06153 1451   11
                                2        151          6          06153 1451   12
                                                                  6153 1  099999
                                                                  6153 0  0    0
 6.114800+4 1.466500+2          0          0          1          06153 2151    1
 6.114800+4 1.000000+0          0          0          1          06153 2151    2
 1.000000-5 1.000000+0          1          2          0          06153 2151    3
 6.000000+0 6.380900-1          0          0          1          06153 2151    4
 1.466470+2 0.000000+0          0          0          6          16153 2151    5
 1.690000-1 5.500000+0 8.018800-2 5.880000-4 7.960000-2 0.000000+06153 2151    6
 0.000000+0 0.000000+0          0          0          0          06153 2  0    7
 0.000000+0 0.000000+0          0          0          0          06153 0  0    0
                                                                     0 0  0    0
                                                                    -1 0  0    0
