 n-Ra225.res.endfb8.0: Merger of MF1 and MF2                        99 0  0    0
 8.822500+4 2.230910+2          1          0          0          28831 1451    1
 0.000000+0 1.000000+0          0          0          0          68831 1451    2
 1.000000+0 2.000000+7          0          0         10          88831 1451    3
 0.000000+0 0.000000+0          0          0          1          28831 1451    4
 88-Ra-225 TIT        EVAL-AUG88 N.Takagi                         8831 1451    5
 NDS 148, 1 (2018)    DIST-FEB18 REV2-FEB02            20111222   8831 1451    6
----ENDF/B-VIII.0     MATERIAL 8831         REVISION 2            8831 1451    7
-----INCIDENT NEUTRON DATA                                        8831 1451    8
------ENDF-6 FORMAT                                               8831 1451    9
                                                                  8831 1451   10
                                1        451         12          08831 1451   11
                                2        151          4          08831 1451   12
                                                                  8831 1  099999
                                                                  8831 0  0    0
 8.822500+4 2.230910+2          0          0          1          08831 2151    1
 8.822500+4 1.000000+0          0          0          1          08831 2151    2
 1.000000-5 2.500000+0          0          0          0          08831 2151    3
 1.500000+0 9.930000-1          0          0          0          08831 2151    4
 0.000000+0 0.000000+0          0          0          0          08831 2  0    5
 0.000000+0 0.000000+0          0          0          0          08831 0  0    0
                                                                     0 0  0    0
                                                                    -1 0  0    0
