 n-Ra223.res.endfb8.0: Merger of MF1 and MF2                        99 0  0    0
 8.822300+4 2.211030+2          1          1          0          28825 1451    1
 0.000000+0 1.000000+0          0          0          0          68825 1451    2
 1.000000+0 2.000000+7          0          0         10          88825 1451    3
 0.000000+0 0.000000+0          0          0          1          28825 1451    4
 88-Ra-223 TIT        EVAL-AUG88 N.Takagi                         8825 1451    5
 NDS 148, 1 (2018)    DIST-FEB18 REV2-FEB02            20111222   8825 1451    6
----ENDF/B-VIII.0     MATERIAL 8825         REVISION 2            8825 1451    7
-----INCIDENT NEUTRON DATA                                        8825 1451    8
------ENDF-6 FORMAT                                               8825 1451    9
                                                                  8825 1451   10
                                1        451         12          08825 1451   11
                                2        151          4          08825 1451   12
                                                                  8825 1  099999
                                                                  8825 0  0    0
 8.822300+4 2.211030+2          0          0          1          08825 2151    1
 8.822300+4 1.000000+0          0          0          1          08825 2151    2
 1.000000-5 4.000000+0          0          0          0          08825 2151    3
 5.000000-1 9.930000-1          0          0          0          08825 2151    4
 0.000000+0 0.000000+0          0          0          0          08825 2  0    5
 0.000000+0 0.000000+0          0          0          0          08825 0  0    0
                                                                     0 0  0    0
                                                                    -1 0  0    0
