 n-Ru105.res.endfb8.0: Merger of MF1 and MF2                        99 0  0    0
 44105.0000 104.010000          1          0          0          14452 1451    1
 0.0        1.00000000          0          0          0          64452 1451    2
 1.00000000 20000000.0          0          0         10          84452 1451    3
 0.0        0.0                 0          0          1          24452 1451    4
 44-Ru-105 CNDC       EVAL-JUN00 Qi-Chang Liang,Z.J.Zhang,X.Q.Sun 4452 1451    5
 NDS 148, 1 (2018)    DIST-FEB18                       20111222   4452 1451    6
----ENDF/B-VIII.0     MATERIAL 4452                               4452 1451    7
-----INCIDENT NEUTRON DATA                                        4452 1451    8
------ENDF-6 FORMAT                                               4452 1451    9
                                                                  4452 1451   10
                                1        451         12          04452 1451   11
                                2        151          4          04452 1451   12
                                                                  4452 1  099999
                                                                  4452 0  0    0
 44105.0000 104.010000          0          0          1          04452 2151    1
 4.410500+4 1.000000+0          0          0          1          04452 2151    2
 1.000000-5 1.000000+5          0          0          0          04452 2151    3
 6.000000+0 6.601130-1          0          0          0          04452 2151    4
                                                                  4452 2  0    5
                                                                  4452 0  0    0
                                                                     0 0  0    0
                                                                    -1 0  0    0
