 n-Sn124.res.endfb8.0: Merger of MF1 and MF2                        99 0  0    0
    50124.0    122.841          1          0          0          05061 1451    1
        0.0          0          0          0          0          65061 1451    2
        1.0 20000000.0          0          0         10          85061 1451    3
        0.0          0          0          0          1          25061 1451    4
 50-Sn-124 JNDC,BNL   EVAL-DEC04 JNDC FPND W.G., Mughabghab       5061 1451    5
 NDS 148, 1 (2018)    DIST-FEB18                       20111222   5061 1451    6
----ENDF/B-VIII.0     MATERIAL 5061                               5061 1451    7
-----INCIDENT NEUTRON DATA                                        5061 1451    8
------ENDF-6 FORMAT                                               5061 1451    9
                                                                  5061 1451   10
                                1        451         12          05061 1451   11
                                2        151        195          05061 1451   12
                                                                  5061 1  099999
                                                                  5061 0  0    0
    50124.0    122.841          0          0          1          05061 2151    1
    50124.0        1.0          0          0          1          05061 2151    2
 1.000000-5   315000.0          1          2          0          05061 2151    3
        0.0        0.6          0          0          2          05061 2151    4
    122.841          0          0          0        216         365061 2151    5
-1.760000+2 5.000000-1 3.139000-1 2.639000-1 5.000000-2 0.000000+05061 2151    6
     2380.0        0.5       2.75        2.7       0.05        0.05061 2151    7
     5360.0        0.5       7.05        7.0       0.05        0.05061 2151    8
     9970.0        0.5       7.15        7.1       0.05        0.05061 2151    9
    23238.0        0.5       4.05        4.0       0.05        0.05061 2151   10
    39518.0        0.5       2.05        2.0       0.05        0.05061 2151   11
    41301.0        0.5      14.05       14.0       0.05        0.05061 2151   12
    44906.0        0.5       3.05        3.0       0.05        0.05061 2151   13
    59680.0        0.5       4.05        4.0       0.05        0.05061 2151   14
    61845.0        0.5      35.05       35.0       0.05        0.05061 2151   15
    67422.0        0.5      51.05       51.0       0.05        0.05061 2151   16
    72120.0        0.5      46.05       46.0       0.05        0.05061 2151   17
    73717.0        0.5      37.05       37.0       0.05        0.05061 2151   18
    80261.0        0.5       4.05        4.0       0.05        0.05061 2151   19
    87472.0        0.5      60.05       60.0       0.05        0.05061 2151   20
    99236.0        0.5      14.05       14.0       0.05        0.05061 2151   21
   104470.0        0.5     129.05      129.0       0.05        0.05061 2151   22
   110010.0        0.5      32.05       32.0       0.05        0.05061 2151   23
   114620.0        0.5       6.05        6.0       0.05        0.05061 2151   24
   115250.0        0.5       8.05        8.0       0.05        0.05061 2151   25
   118270.0        0.5      17.05       17.0       0.05        0.05061 2151   26
   121740.0        0.5      44.05       44.0       0.05        0.05061 2151   27
   136610.0        0.5      19.05       19.0       0.05        0.05061 2151   28
   139450.0        0.5      46.05       46.0       0.05        0.05061 2151   29
   153100.0        0.5      18.05       18.0       0.05        0.05061 2151   30
   154770.0        0.5      19.05       19.0       0.05        0.05061 2151   31
   160970.0        0.5      46.05       46.0       0.05        0.05061 2151   32
   194390.0        0.5      56.05       56.0       0.05        0.05061 2151   33
   200800.0        0.5      50.05       50.0       0.05        0.05061 2151   34
   221800.0        0.5      67.05       67.0       0.05        0.05061 2151   35
   240400.0        0.5      60.05       60.0       0.05        0.05061 2151   36
   243850.0        0.5      27.05       27.0       0.05        0.05061 2151   37
   250900.0        0.5      52.05       52.0       0.05        0.05061 2151   38
   276960.0        0.5     144.05      144.0       0.05        0.05061 2151   39
   309450.0        0.5     160.05      160.0       0.05        0.05061 2151   40
   312960.0        0.5     146.05      146.0       0.05        0.05061 2151   41
    122.841          0          1          0        918        1535061 2151   42
       62.0        0.5    0.24644    0.00744      0.239        0.05061 2151   43
      579.0        1.5    0.08075    0.00075 0.08000001        0.05061 2151   44
      950.0        1.5      0.083      0.003 0.08000001        0.05061 2151   45
     3390.0        1.5       0.78        0.7 0.08000001        0.05061 2151   46
    14862.0        1.5       4.08        4.0 0.08000001        0.05061 2151   47
    14977.0        1.5       0.58        0.5 0.08000001        0.05061 2151   48
    16138.0        1.5       1.58        1.5 0.08000001        0.05061 2151   49
    16745.0        1.5       1.08        1.0 0.08000001        0.05061 2151   50
    17189.0        1.5       1.58        1.5 0.08000001        0.05061 2151   51
    20913.0        1.5       5.08        5.0 0.08000001        0.05061 2151   52
    22621.0        1.5       2.58        2.5 0.08000001        0.05061 2151   53
    23032.0        1.5       1.08        1.0 0.08000001        0.05061 2151   54
    23305.0        0.5       1.08        1.0 0.08000001        0.05061 2151   55
    24731.0        0.5      22.08       22.0 0.08000001        0.05061 2151   56
    25829.0        0.5      12.08       12.0 0.08000001        0.05061 2151   57
    30628.0        1.5      12.58       12.5 0.08000001        0.05061 2151   58
    32383.0        1.5       6.08        6.0 0.08000001        0.05061 2151   59
    32497.0        1.5       2.08        2.0 0.08000001        0.05061 2151   60
    35848.0        1.5       2.08        2.0 0.08000001        0.05061 2151   61
    35906.0        1.5      17.58       17.5 0.08000001        0.05061 2151   62
    37358.0        1.5       3.58        3.5 0.08000001        0.05061 2151   63
    37883.0        1.5       1.08        1.0 0.08000001        0.05061 2151   64
    38159.0        1.5       0.58        0.5 0.08000001        0.05061 2151   65
    38561.0        1.5       2.08        2.0 0.08000001        0.05061 2151   66
    39556.0        1.5       3.08        3.0 0.08000001        0.05061 2151   67
    40334.0        0.5      44.08       44.0 0.08000001        0.05061 2151   68
    44577.0        1.5       3.08        3.0 0.08000001        0.05061 2151   69
    44979.0        1.5       3.08        3.0 0.08000001        0.05061 2151   70
    46504.0        1.5       1.58        1.5 0.08000001        0.05061 2151   71
    46676.0        1.5      14.08       14.0 0.08000001        0.05061 2151   72
    50854.0        1.5       4.08        4.0 0.08000001        0.05061 2151   73
    51036.0        1.5      12.08       12.0 0.08000001        0.05061 2151   74
    54641.0        0.5      39.08       39.0 0.08000001        0.05061 2151   75
    54834.0        1.5       2.58        2.5 0.08000001        0.05061 2151   76
    57463.0        1.5      26.08       26.0 0.08000001        0.05061 2151   77
    58617.0        0.5      91.08       91.0 0.08000001        0.05061 2151   78
    59468.0        1.5      12.08       12.0 0.08000001        0.05061 2151   79
    60133.0        1.5       0.58        0.5 0.08000001        0.05061 2151   80
    60820.0        1.5       3.08        3.0 0.08000001        0.05061 2151   81
    62953.0        1.5       2.08        2.0 0.08000001        0.05061 2151   82
    63257.0        0.5      55.08       55.0 0.08000001        0.05061 2151   83
    64413.0        1.5      12.58       12.5 0.08000001        0.05061 2151   84
    66784.0        1.5      11.58       11.5 0.08000001        0.05061 2151   85
    66951.0        1.5       7.58        7.5 0.08000001        0.05061 2151   86
    71050.0        1.5       4.08        4.0 0.08000001        0.05061 2151   87
    73066.0        1.5      20.58       20.5 0.08000001        0.05061 2151   88
    80403.0        0.5      81.08       81.0 0.08000001        0.05061 2151   89
    81447.0        1.5      16.08       16.0 0.08000001        0.05061 2151   90
    82784.0        0.5      72.08       72.0 0.08000001        0.05061 2151   91
    82927.0        1.5       1.58        1.5 0.08000001        0.05061 2151   92
    84240.0        1.5       5.58        5.5 0.08000001        0.05061 2151   93
    84457.0        1.5       4.58        4.5 0.08000001        0.05061 2151   94
    86051.0        1.5      10.08       10.0 0.08000001        0.05061 2151   95
    86108.0        1.5       7.58        7.5 0.08000001        0.05061 2151   96
    87602.0        1.5       4.08        4.0 0.08000001        0.05061 2151   97
    93261.0        0.5      19.08       19.0 0.08000001        0.05061 2151   98
    93576.0        1.5      69.08       69.0 0.08000001        0.05061 2151   99
    94144.0        1.5       4.58        4.5 0.08000001        0.05061 2151  100
    98646.0        1.5       7.58        7.5 0.08000001        0.05061 2151  101
   101860.0        1.5      84.58       84.5 0.08000001        0.05061 2151  102
   102270.0        1.5      75.08       75.0 0.08000001        0.05061 2151  103
   104300.0        0.5       1.48        1.4 0.08000001        0.05061 2151  104
   106190.0        0.5     114.08      114.0 0.08000001        0.05061 2151  105
   108350.0        1.5       8.58        8.5 0.08000001        0.05061 2151  106
   110160.0        1.5       6.08        6.0 0.08000001        0.05061 2151  107
   118280.0        1.5      10.58       10.5 0.08000001        0.05061 2151  108
   119320.0        1.5      11.58       11.5 0.08000001        0.05061 2151  109
   119590.0        1.5       8.58        8.5 0.08000001        0.05061 2151  110
   120820.0        1.5       8.58        8.5 0.08000001        0.05061 2151  111
   122090.0        0.5     193.08      193.0 0.08000001        0.05061 2151  112
   126210.0        1.5      18.08       18.0 0.08000001        0.05061 2151  113
   127330.0        1.5       8.08        8.0 0.08000001        0.05061 2151  114
   127390.0        1.5      19.58       19.5 0.08000001        0.05061 2151  115
   128500.0        1.5       2.58        2.5 0.08000001        0.05061 2151  116
   134540.0        0.5     234.08      234.0 0.08000001        0.05061 2151  117
   136920.0        1.5      78.08       78.0 0.08000001        0.05061 2151  118
   138410.0        1.5      40.58       40.5 0.08000001        0.05061 2151  119
   139500.0        0.5     297.08      297.0 0.08000001        0.05061 2151  120
   140760.0        1.5     115.58      115.5 0.08000001        0.05061 2151  121
   141680.0        0.5     225.08      225.0 0.08000001        0.05061 2151  122
   145370.0        0.5      90.08       90.0 0.08000001        0.05061 2151  123
   147820.0        1.5      16.58       16.5 0.08000001        0.05061 2151  124
   150090.0        1.5      46.58       46.5 0.08000001        0.05061 2151  125
   153310.0        0.5     172.08      172.0 0.08000001        0.05061 2151  126
   153710.0        0.5      79.08       79.0 0.08000001        0.05061 2151  127
   154030.0        0.5      18.08       18.0 0.08000001        0.05061 2151  128
   157100.0        0.5     205.08      205.0 0.08000001        0.05061 2151  129
   158810.0        0.5     224.08      224.0 0.08000001        0.05061 2151  130
   159700.0        0.5     348.08      348.0 0.08000001        0.05061 2151  131
   159780.0        1.5      65.08       65.0 0.08000001        0.05061 2151  132
   160500.0        0.5       4.08        4.0 0.08000001        0.05061 2151  133
   162740.0        1.5      15.58       15.5 0.08000001        0.05061 2151  134
   163330.0        1.5      75.58       75.5 0.08000001        0.05061 2151  135
   165570.0        1.5      36.58       36.5 0.08000001        0.05061 2151  136
   165790.0        0.5     120.08      120.0 0.08000001        0.05061 2151  137
   166960.0        0.5     484.08      484.0 0.08000001        0.05061 2151  138
   167520.0        1.5      18.08       18.0 0.08000001        0.05061 2151  139
   168230.0        1.5      10.08       10.0 0.08000001        0.05061 2151  140
   169350.0        1.5      67.58       67.5 0.08000001        0.05061 2151  141
   173130.0        0.5     190.08      190.0 0.08000001        0.05061 2151  142
   176160.0        1.5      56.58       56.5 0.08000001        0.05061 2151  143
   177030.0        0.5     410.08      410.0 0.08000001        0.05061 2151  144
   177620.0        1.5      10.58       10.5 0.08000001        0.05061 2151  145
   179220.0        0.5     134.08      134.0 0.08000001        0.05061 2151  146
   180850.0        0.5      18.08       18.0 0.08000001        0.05061 2151  147
   183740.0        1.5      78.58       78.5 0.08000001        0.05061 2151  148
   185980.0        1.5     161.58      161.5 0.08000001        0.05061 2151  149
   186490.0        1.5      17.08       17.0 0.08000001        0.05061 2151  150
   191780.0        1.5      63.08       63.0 0.08000001        0.05061 2151  151
   192620.0        0.5     247.08      247.0 0.08000001        0.05061 2151  152
   195100.0        1.5      85.58       85.5 0.08000001        0.05061 2151  153
   196970.0        0.5     289.08      289.0 0.08000001        0.05061 2151  154
   198620.0        1.5      19.08       19.0 0.08000001        0.05061 2151  155
   199460.0        0.5     409.08      409.0 0.08000001        0.05061 2151  156
   201190.0        1.5     151.58      151.5 0.08000001        0.05061 2151  157
   203100.0        1.5      66.58       66.5 0.08000001        0.05061 2151  158
   205340.0        0.5    1304.08     1304.0 0.08000001        0.05061 2151  159
   206110.0        1.5      67.08       67.0 0.08000001        0.05061 2151  160
   206680.0        1.5      17.08       17.0 0.08000001        0.05061 2151  161
   207650.0        1.5      25.08       25.0 0.08000001        0.05061 2151  162
   208120.0        1.5      87.08       87.0 0.08000001        0.05061 2151  163
   212260.0        1.5      88.08       88.0 0.08000001        0.05061 2151  164
   213540.0        0.5     236.08      236.0 0.08000001        0.05061 2151  165
   216620.0        1.5      16.58       16.5 0.08000001        0.05061 2151  166
   223040.0        0.5     149.08      149.0 0.08000001        0.05061 2151  167
   226550.0        1.5     296.08      296.0 0.08000001        0.05061 2151  168
   232990.0        0.5     505.08      505.0 0.08000001        0.05061 2151  169
   233330.0        1.5      80.58       80.5 0.08000001        0.05061 2151  170
   235500.0        1.5      34.58       34.5 0.08000001        0.05061 2151  171
   241240.0        1.5      19.58       19.5 0.08000001        0.05061 2151  172
   243000.0        1.5      35.08       35.0 0.08000001        0.05061 2151  173
   246670.0        0.5      98.08       98.0 0.08000001        0.05061 2151  174
   248900.0        0.5     266.08      266.0 0.08000001        0.05061 2151  175
   249160.0        1.5      21.08       21.0 0.08000001        0.05061 2151  176
   253740.0        0.5     214.08      214.0 0.08000001        0.05061 2151  177
   255140.0        1.5      24.08       24.0 0.08000001        0.05061 2151  178
   265390.0        0.5     214.08      214.0 0.08000001        0.05061 2151  179
   266230.0        1.5      53.08       53.0 0.08000001        0.05061 2151  180
   269780.0        0.5     136.08      136.0 0.08000001        0.05061 2151  181
   273290.0        1.5     120.58      120.5 0.08000001        0.05061 2151  182
   274620.0        0.5     303.08      303.0 0.08000001        0.05061 2151  183
   277400.0        1.5      21.08       21.0 0.08000001        0.05061 2151  184
   279520.0        1.5      99.08       99.0 0.08000001        0.05061 2151  185
   284520.0        1.5      65.58       65.5 0.08000001        0.05061 2151  186
   285370.0        0.5     444.08      444.0 0.08000001        0.05061 2151  187
   287910.0        1.5      91.08       91.0 0.08000001        0.05061 2151  188
   289100.0        0.5    1054.08     1054.0 0.08000001        0.05061 2151  189
   289170.0        1.5      10.18       10.1 0.08000001        0.05061 2151  190
   298720.0        0.5      50.48       50.4 0.08000001        0.05061 2151  191
   299060.0        1.5     103.08      103.0 0.08000001        0.05061 2151  192
   307340.0        0.5     611.08      611.0 0.08000001        0.05061 2151  193
   310630.0        1.5     134.58      134.5 0.08000001        0.05061 2151  194
   314260.0        1.5     195.58      195.5 0.08000001        0.05061 2151  195
          0          0          0          0          0          05061 2  0  196
          0          0          0          0          0          05061 0  0    0
                                                                     0 0  0    0
                                                                    -1 0  0    0
