 n-Ta180.res.endfb8.0: Merger of MF1 and MF2                        99 0  0    0
 7.318000+4 1.784016+2          1          0          0          07325 1451    1
 0.000000+0 0.000000+0          0          0          0          67325 1451    2
 1.000000+0 2.000000+7          0          0         10          87325 1451    3
 0.000000+0 0.000000+0          0          0          1          27325 1451    4
 73-Ta-180 LLNL       EVAL-Jan11 I.J. Thompson and N.C. Summers   7325 1451    5
 NDS 148, 1 (2018)    DIST-FEB18                       20111222   7325 1451    6
----ENDF/B-VIII.0     MATERIAL 7325                               7325 1451    7
-----INCIDENT NEUTRON DATA                                        7325 1451    8
------ENDF-6 FORMAT                                               7325 1451    9
                   ENDL File Documentation                        7325 1451   10
                                1        451         12          07325 1451   11
                                2        151          4          07325 1451   12
                                                                  7325 1  099999
                                                                  7325 0  0    0
 7.318000+4 1.784016+2          0          0          1          07325 2151    1
 7.318000+4 1.000000+0          0          0          1          07325 2151    2
 1.000000-5 1.000000-4          0          0          0          07325 2151    3
 1.000000+0 0.868620+0          0          0          0          07325 2151    4
                                                                  7325 2  0    5
                                                                  7325 0  0    0
                                                                     0 0  0    0
                                                                    -1 0  0    0
