 n-Th231.res.endfb8.0: Merger of MF1 and MF2                        99 0  0    0
 9.023100+4 2.290520+2          1          1          0          19037 1451    1
 0.000000+0 1.000000+0          0          0          0          69037 1451    2
 1.000000+0 2.000000+7          0          0         10          89037 1451    3
 0.000000+0 0.000000+0          0          0          1          29037 1451    4
 90-Th-231 JAEA+      EVAL-FEB10 O.Iwamoto, T.Nakagawa, et al.    9037 1451    5
 NDS 148, 1 (2018)    DIST-FEB18                       20111222   9037 1451    6
----ENDF/B-VIII.0     MATERIAL 9037                               9037 1451    7
-----INCIDENT NEUTRON DATA                                        9037 1451    8
------ENDF-6 FORMAT                                               9037 1451    9
                                                                  9037 1451   10
                                1        451         12          09037 1451   11
                                2        151          4          09037 1451   12
                                                                  9037 1  099999
                                                                  9037 0  0    0
 9.023100+4 2.290520+2          0          0          1          09037 2151    1
 9.023100+4 1.000000+0          0          0          1          09037 2151    2
 1.000000-5 3.300000-1          0          0          0          09037 2151    3
 2.500000+0 9.779000-1          0          0          0          09037 2151    4
 0.000000+0 0.000000+0          0          0          0          09037 2  0    5
 0.000000+0 0.000000+0          0          0          0          09037 0  0    0
                                                                     0 0  0    0
                                                                    -1 0  0    0
