 n-U230.res.endfb8.0: Merger of MF1 and MF2                         99 0  0    0
 92230.0000 228.058000          1          1          0          19213 1451    1
 0.0        1.00000000          0          0          0          69213 1451    2
 1.00000000 20000000.0          0          0         10          89213 1451    3
 0.0        0.0                 0          0          1          29213 1451    4
 92-U -230 JAEA+      EVAL-FEB10 O.Iwamoto, T.Nakagawa, et al.    9213 1451    5
 NDS 148, 1 (2018)    DIST-FEB18                       20111222   9213 1451    6
----ENDF/B-VIII.0     MATERIAL 9213                               9213 1451    7
-----INCIDENT NEUTRON DATA                                        9213 1451    8
------ENDF-6 FORMAT                                               9213 1451    9
                                                                  9213 1451   10
                                1        451         12          09213 1451   11
                                2        151          4          09213 1451   12
                                                                  9213 1  099999
                                                                  9213 0  0    0
 92230.0000 228.058000          0          0          1          09213 2151    1
 9.223000+4 1.000000+0          0          0          1          09213 2151    2
 1.000000-5 2.500000+0          0          0          0          09213 2151    3
 0.000000+0 9.707000-1          0          0          0          09213 2151    4
                                                                  9213 2  0    5
                                                                  9213 0  0    0
                                                                     0 0  0    0
                                                                    -1 0  0    0
