<cross-s.>      1.01      1.00400000D-03    242.06    0    3
 2.70866D+04
 1.50782D+04
 1.20084D+04
<cross-s.>      1.01      2.00800000D-03    242.06    0    3
 2.28158D+04
 1.08853D+04
 1.19305D+04
<cross-s.>      1.01      5.02100000D-03    242.06    0    3
 1.90966D+04
 7.33899D+03
 1.17576D+04
<cross-s.>      1.01      1.00400000D-02    242.06    0    3
 1.72814D+04
 5.74710D+03
 1.15343D+04
<cross-s.>      1.01      2.00800000D-02    242.06    0    3
 1.60337D+04
 4.86233D+03
 1.11713D+04
<cross-s.>      1.01      5.02100000D-02    242.06    0    3
 1.48795D+04
 4.55065D+03
 1.03288D+04
<cross-s.>      1.01      1.00420000D-01    242.06    0    3
 1.40533D+04
 4.76859D+03
 9.28469D+03
<cross-s.>      1.01      2.00830000D-01    242.06    0    3
 1.28397D+04
 4.99299D+03
 7.84675D+03
<cross-s.>      1.01      3.01250000D-01    242.06    0    3
 1.17864D+04
 4.92464D+03
 6.86173D+03
<cross-s.>      1.01      4.01670000D-01    242.06    0    3
 1.08902D+04
 4.76735D+03
 6.12288D+03
<cross-s.>      1.01      5.02080000D-01    242.06    0    3
 1.01589D+04
 4.61447D+03
 5.54446D+03
<cross-s.>      1.01      6.02500000D-01    242.06    0    3
 9.57527D+03
 4.49122D+03
 5.08405D+03
<cross-s.>      1.01      7.02920000D-01    242.06    0    3
 9.11791D+03
 4.40005D+03
 4.71786D+03
<cross-s.>      1.01      8.03330000D-01    242.06    0    3
 8.76450D+03
 4.33606D+03
 4.42844D+03
<cross-s.>      1.01      9.03750000D-01    242.06    0    3
 8.49707D+03
 4.29381D+03
 4.20327D+03
<cross-s.>      1.01      1.00417000D+00    242.06    0    3
 8.29776D+03
 4.26693D+03
 4.03083D+03
<cross-s.>      1.01      1.10458000D+00    242.06    0    3
 8.15233D+03
 4.25017D+03
 3.90216D+03
<cross-s.>      1.01      1.20500000D+00    242.06    0    3
 8.04908D+03
 4.23928D+03
 3.80980D+03
<cross-s.>      1.01      1.30542000D+00    242.06    0    3
 7.97875D+03
 4.23096D+03
 3.74779D+03
<cross-s.>      1.01      1.40583000D+00    242.06    0    3
 7.93367D+03
 4.22263D+03
 3.71103D+03
<cross-s.>      1.01      1.50625000D+00    242.06    0    3
 7.90737D+03
 4.21234D+03
 3.69502D+03
<cross-s.>      1.01      1.60667000D+00    242.06    0    3
 7.89462D+03
 4.19887D+03
 3.69575D+03
<cross-s.>      1.01      1.70708000D+00    242.06    0    3
 7.89129D+03
 4.18168D+03
 3.70961D+03
<cross-s.>      1.01      1.80750000D+00    242.06    0    3
 7.89434D+03
 4.16087D+03
 3.73347D+03
<cross-s.>      1.01      1.90792000D+00    242.06    0    3
 7.90157D+03
 4.13692D+03
 3.76465D+03
<cross-s.>      1.01      2.00833000D+00    242.06    0    3
 7.91131D+03
 4.11048D+03
 3.80083D+03
<cross-s.>      1.01      2.20917000D+00    242.06    0    3
 7.93403D+03
 4.05301D+03
 3.88102D+03
<cross-s.>      1.01      2.41000000D+00    242.06    0    3
 7.95561D+03
 3.99328D+03
 3.96233D+03
<cross-s.>      1.01      2.61083000D+00    242.06    0    3
 7.97195D+03
 3.93512D+03
 4.03683D+03
<cross-s.>      1.01      2.81167000D+00    242.06    0    3
 7.98064D+03
 3.88094D+03
 4.09970D+03
<cross-s.>      1.01      3.01250000D+00    242.06    0    3
 8.01336D+03
 3.88046D+03
 4.13290D+03
<cross-s.>      1.01      3.21334000D+00    242.06    0    3
 8.01957D+03
 3.84586D+03
 4.17371D+03
<cross-s.>      1.01      3.41417000D+00    242.06    0    3
 8.01017D+03
 3.81014D+03
 4.20002D+03
<cross-s.>      1.01      3.61500000D+00    242.06    0    3
 7.98538D+03
 3.77397D+03
 4.21141D+03
<cross-s.>      1.01      3.81584000D+00    242.06    0    3
 7.94663D+03
 3.73846D+03
 4.20816D+03
<cross-s.>      1.01      4.01667000D+00    242.06    0    3
 7.89567D+03
 3.70458D+03
 4.19109D+03
<cross-s.>      1.01      4.51875000D+00    242.06    0    3
 7.72733D+03
 3.63122D+03
 4.09610D+03
<cross-s.>      1.01      5.02084000D+00    242.06    0    3
 7.51899D+03
 3.57458D+03
 3.94441D+03
<cross-s.>      1.01      5.52292000D+00    242.06    0    3
 7.29149D+03
 3.53372D+03
 3.75777D+03
<cross-s.>      1.01      6.02500000D+00    242.06    0    3
 7.06479D+03
 3.50868D+03
 3.55611D+03
<cross-s.>      1.01      6.52709000D+00    242.06    0    3
 6.85211D+03
 3.49566D+03
 3.35645D+03
<cross-s.>      1.01      7.02917000D+00    242.06    0    3
 6.65910D+03
 3.48764D+03
 3.17146D+03
<cross-s.>      1.01      7.53125000D+00    242.06    0    3
 6.48731D+03
 3.47871D+03
 3.00859D+03
<cross-s.>      1.01      8.03334000D+00    242.06    0    3
 6.33744D+03
 3.46624D+03
 2.87120D+03
<cross-s.>      1.01      8.53542000D+00    242.06    0    3
 6.21029D+03
 3.45012D+03
 2.76017D+03
<cross-s.>      1.01      9.03750000D+00    242.06    0    3
 6.10600D+03
 3.43136D+03
 2.67464D+03
<cross-s.>      1.01      9.53959000D+00    242.06    0    3
 6.02392D+03
 3.41114D+03
 2.61278D+03
<cross-s.>      1.01      1.00416700D+01    242.06    0    3
 5.96286D+03
 3.39047D+03
 2.57238D+03
<cross-s.>      1.01      1.05437500D+01    242.06    0    3
 5.92104D+03
 3.37001D+03
 2.55103D+03
<cross-s.>      1.01      1.10458400D+01    242.06    0    3
 5.89638D+03
 3.35010D+03
 2.54629D+03
<cross-s.>      1.01      1.15479200D+01    242.06    0    3
 5.88650D+03
 3.33079D+03
 2.55571D+03
<cross-s.>      1.01      1.20500000D+01    242.06    0    3
 5.88897D+03
 3.31210D+03
 2.57687D+03
<cross-s.>      1.01      1.25520900D+01    242.06    0    3
 5.90145D+03
 3.29400D+03
 2.60745D+03
<cross-s.>      1.01      1.30541700D+01    242.06    0    3
 5.92168D+03
 3.27646D+03
 2.64522D+03
<cross-s.>      1.01      1.35562500D+01    242.06    0    3
 5.94769D+03
 3.25953D+03
 2.68816D+03
<cross-s.>      1.01      1.40583400D+01    242.06    0    3
 5.97762D+03
 3.24321D+03
 2.73441D+03
<cross-s.>      1.01      1.45604200D+01    242.06    0    3
 6.00997D+03
 3.22756D+03
 2.78241D+03
<cross-s.>      1.01      1.50625100D+01    242.06    0    3
 6.04332D+03
 3.21260D+03
 2.83072D+03
<cross-s.>      1.01      1.55645900D+01    242.06    0    3
 6.07642D+03
 3.19838D+03
 2.87805D+03
<cross-s.>      1.01      1.60666700D+01    242.06    0    3
 6.10830D+03
 3.18492D+03
 2.92337D+03
<cross-s.>      1.01      1.65687600D+01    242.06    0    3
 6.13821D+03
 3.17225D+03
 2.96597D+03
<cross-s.>      1.01      1.70708400D+01    242.06    0    3
 6.16531D+03
 3.16037D+03
 3.00493D+03
<cross-s.>      1.01      1.75729200D+01    242.06    0    3
 6.18920D+03
 3.14929D+03
 3.03991D+03
<cross-s.>      1.01      1.80750100D+01    242.06    0    3
 6.20935D+03
 3.13897D+03
 3.07038D+03
<cross-s.>      1.01      1.85770900D+01    242.06    0    3
 6.22545D+03
 3.12937D+03
 3.09608D+03
<cross-s.>      1.01      1.90791700D+01    242.06    0    3
 6.23722D+03
 3.12043D+03
 3.11679D+03
<cross-s.>      1.01      1.95812600D+01    242.06    0    3
 6.24450D+03
 3.11206D+03
 3.13244D+03
<cross-s.>      1.01      2.00833400D+01    242.06    0    3
 6.24717D+03
 3.10415D+03
 3.14303D+03
<cross-s.>      1.01      4.01660000D-01    242.06   93    1
 2.53488D-47
<cross-s.>      1.01      5.02080000D-01    242.06   93    1
 9.56772D-41
<cross-s.>      1.01      6.02500000D-01    242.06   93    1
 6.69846D-36
<cross-s.>      1.01      7.02910000D-01    242.06   93    1
 3.83890D-32
<cross-s.>      1.01      8.03330000D-01    242.06   93    1
 4.05966D-29
<cross-s.>      1.01      9.03750000D-01    242.06   93    1
 3.80253D-26
<cross-s.>      1.01      1.00416000D+00    242.06   93    1
 4.92767D-24
<cross-s.>      1.01      1.10458000D+00    242.06   93    1
 3.21565D-22
<cross-s.>      1.01      1.20499000D+00    242.06   93    1
 1.22276D-20
<cross-s.>      1.01      1.30541000D+00    242.06   93    1
 3.01498D-19
<cross-s.>      1.01      1.40583000D+00    242.06   93    1
 5.21531D-18
<cross-s.>      1.01      1.50624000D+00    242.06   93    1
 6.72031D-17
<cross-s.>      1.01      1.60666000D+00    242.06   93    1
 6.76343D-16
<cross-s.>      1.01      1.70707000D+00    242.06   93    1
 5.51416D-15
<cross-s.>      1.01      1.80749000D+00    242.06   93    1
 3.75318D-14
<cross-s.>      1.01      1.90791000D+00    242.06   93    1
 2.18427D-13
<cross-s.>      1.01      2.00832000D+00    242.06   93    1
 1.10851D-12
<cross-s.>      1.01      2.20916000D+00    242.06   93    1
 2.01832D-11
<cross-s.>      1.01      2.40999000D+00    242.06   93    1
 2.51004D-10
<cross-s.>      1.01      2.61082000D+00    242.06   93    1
 2.29726D-09
<cross-s.>      1.01      2.81165000D+00    242.06   93    1
 1.63545D-08
<cross-s.>      1.01      3.01248000D+00    242.06   93    1
 9.44711D-08
<cross-s.>      1.01      3.21332000D+00    242.06   93    1
 4.57586D-07
<cross-s.>      1.01      3.41415000D+00    242.06   93    1
 1.90706D-06
<cross-s.>      1.01      3.61498000D+00    242.06   93    1
 6.98336D-06
<cross-s.>      1.01      3.81581000D+00    242.06   93    1
 2.28533D-05
<cross-s.>      1.01      4.01665000D+00    242.06   93    1
 6.77817D-05
<cross-s.>      1.01      4.51873000D+00    242.06   93    1
 7.17409D-04
<cross-s.>      1.01      5.02081000D+00    242.06   93    1
 5.04538D-03
<cross-s.>      1.01      5.52289000D+00    242.06   93    1
 2.59148D-02
<cross-s.>      1.01      6.02497000D+00    242.06   93    1
 1.04018D-01
<cross-s.>      1.01      6.52705000D+00    242.06   93    1
 3.43079D-01
<cross-s.>      1.01      7.02913000D+00    242.06   93    1
 9.65981D-01
<cross-s.>      1.01      7.53121000D+00    242.06   93    1
 2.39082D+00
<cross-s.>      1.01      8.03329000D+00    242.06   93    1
 5.31972D+00
<cross-s.>      1.01      8.53537000D+00    242.06   93    1
 1.08253D+01
<cross-s.>      1.01      9.03745000D+00    242.06   93    1
 2.04067D+01
<cross-s.>      1.01      9.53953000D+00    242.06   93    1
 3.59677D+01
<cross-s.>      1.01      1.00416100D+01    242.06   93    1
 5.96397D+01
<cross-s.>      1.01      1.05436900D+01    242.06   93    1
 9.33835D+01
<cross-s.>      1.01      1.10457700D+01    242.06   93    1
 1.38374D+02
<cross-s.>      1.01      1.15478500D+01    242.06   93    1
 1.94393D+02
<cross-s.>      1.01      1.20499400D+01    242.06   93    1
 2.59605D+02
<cross-s.>      1.01      1.25520200D+01    242.06   93    1
 3.30984D+02
<cross-s.>      1.01      1.30541000D+01    242.06   93    1
 4.05199D+02
<cross-s.>      1.01      1.35561800D+01    242.06   93    1
 4.79498D+02
<cross-s.>      1.01      1.40582600D+01    242.06   93    1
 5.52189D+02
<cross-s.>      1.01      1.45603400D+01    242.06   93    1
 6.22610D+02
<cross-s.>      1.01      1.50624200D+01    242.06   93    1
 6.90782D+02
<cross-s.>      1.01      1.55645000D+01    242.06   93    1
 7.56988D+02
<cross-s.>      1.01      1.60665800D+01    242.06   93    1
 8.21481D+02
<cross-s.>      1.01      1.65686600D+01    242.06   93    1
 8.84367D+02
<cross-s.>      1.01      1.70707400D+01    242.06   93    1
 9.45587D+02
<cross-s.>      1.01      1.75728200D+01    242.06   93    1
 1.00496D+03
<cross-s.>      1.01      1.80749000D+01    242.06   93    1
 1.06222D+03
<cross-s.>      2.01      4.03340000D-01    241.06   93    1
 4.71753D-67
<cross-s.>      2.01      5.04180000D-01    241.06   93    1
 9.08448D-58
<cross-s.>      2.01      6.05010000D-01    241.06   93    1
 5.61018D-51
<cross-s.>      2.01      7.05850000D-01    241.06   93    1
 1.11254D-45
<cross-s.>      2.01      8.06680000D-01    241.06   93    1
 2.01413D-41
<cross-s.>      2.01      9.07520000D-01    241.06   93    1
 6.62765D-38
<cross-s.>      2.01      1.00835000D+00    241.06   93    1
 6.14047D-35
<cross-s.>      2.01      1.10919000D+00    241.06   93    1
 2.15631D-32
<cross-s.>      2.01      1.21002000D+00    241.06   93    1
 1.61804D-29
<cross-s.>      2.01      1.31086000D+00    241.06   93    1
 1.43509D-27
<cross-s.>      2.01      1.41169000D+00    241.06   93    1
 7.70308D-26
<cross-s.>      2.01      1.51253000D+00    241.06   93    1
 2.72971D-24
<cross-s.>      2.01      1.61336000D+00    241.06   93    1
 6.81958D-23
<cross-s.>      2.01      1.71420000D+00    241.06   93    1
 1.26664D-21
<cross-s.>      2.01      1.81504000D+00    241.06   93    1
 1.82370D-20
<cross-s.>      2.01      1.91587000D+00    241.06   93    1
 2.10583D-19
<cross-s.>      2.01      2.01671000D+00    241.06   93    1
 2.00671D-18
<cross-s.>      2.01      2.21838000D+00    241.06   93    1
 1.11957D-16
<cross-s.>      2.01      2.42005000D+00    241.06   93    1
 3.66537D-15
<cross-s.>      2.01      2.62172000D+00    241.06   93    1
 7.82813D-14
<cross-s.>      2.01      2.82339000D+00    241.06   93    1
 1.18003D-12
<cross-s.>      2.01      3.02506000D+00    241.06   93    1
 1.33310D-11
<cross-s.>      2.01      3.22673000D+00    241.06   93    1
 1.18244D-10
<cross-s.>      2.01      3.42840000D+00    241.06   93    1
 8.54233D-10
<cross-s.>      2.01      3.63007000D+00    241.06   93    1
 5.17606D-09
<cross-s.>      2.01      3.83174000D+00    241.06   93    1
 2.69382D-08
<cross-s.>      2.01      4.03341000D+00    241.06   93    1
 1.22779D-07
<cross-s.>      2.01      4.53759000D+00    241.06   93    1
 3.36457D-06
<cross-s.>      2.01      5.04177000D+00    241.06   93    1
 5.32728D-05
<cross-s.>      2.01      5.54594000D+00    241.06   93    1
 5.51878D-04
<cross-s.>      2.01      6.05012000D+00    241.06   93    1
 4.07520D-03
<cross-s.>      2.01      6.55429000D+00    241.06   93    1
 2.28244D-02
<cross-s.>      2.01      7.05847000D+00    241.06   93    1
 1.01677D-01
<cross-s.>      2.01      7.56265000D+00    241.06   93    1
 3.74131D-01
<cross-s.>      2.01      8.06682000D+00    241.06   93    1
 1.17295D+00
<cross-s.>      2.01      8.57100000D+00    241.06   93    1
 3.21458D+00
<cross-s.>      2.01      9.07518000D+00    241.06   93    1
 7.86135D+00
<cross-s.>      2.01      9.57935000D+00    241.06   93    1
 1.74228D+01
<cross-s.>      2.01      1.00835300D+01    241.06   93    1
 3.53455D+01
<cross-s.>      2.01      1.05877100D+01    241.06   93    1
 6.59106D+01
<cross-s.>      2.01      1.10918800D+01    241.06   93    1
 1.12910D+02
<cross-s.>      2.01      1.15960600D+01    241.06   93    1
 1.77449D+02
<cross-s.>      2.01      1.21002400D+01    241.06   93    1
 2.56652D+02
<cross-s.>      2.01      1.26044100D+01    241.06   93    1
 3.45025D+02
<cross-s.>      2.01      1.31085900D+01    241.06   93    1
 4.37244D+02
<cross-s.>      2.01      1.36127700D+01    241.06   93    1
 5.29696D+02
<cross-s.>      2.01      1.41169400D+01    241.06   93    1
 6.20379D+02
<cross-s.>      2.01      1.46211200D+01    241.06   93    1
 7.08341D+02
<cross-s.>      2.01      1.51252900D+01    241.06   93    1
 7.93191D+02
<cross-s.>      2.01      1.56294700D+01    241.06   93    1
 8.74670D+02
<cross-s.>      3.02      4.05030000D-01    240.06   93    1
 2.19083D-51
<cross-s.>      3.02      5.06280000D-01    240.06   93    1
 3.50247D-40
<cross-s.>      3.02      6.07540000D-01    240.06   93    1
 1.66576D-61
<cross-s.>      3.02      7.08790000D-01    240.06   93    1
 4.73088D-55
<cross-s.>      3.02      8.10050000D-01    240.06   93    1
 7.21145D-50
<cross-s.>      3.02      9.11310000D-01    240.06   93    1
 1.23453D-45
<cross-s.>      3.02      1.01256000D+00    240.06   93    1
 4.95460D-42
<cross-s.>      3.02      1.11382000D+00    240.06   93    1
 6.06900D-39
<cross-s.>      3.02      1.21508000D+00    240.06   93    1
 2.92165D-36
<cross-s.>      3.02      1.31633000D+00    240.06   93    1
 6.64110D-34
<cross-s.>      3.02      1.41759000D+00    240.06   93    1
 4.85491D-31
<cross-s.>      3.02      1.51885000D+00    240.06   93    1
 3.61184D-29
<cross-s.>      3.02      1.62010000D+00    240.06   93    1
 1.74930D-27
<cross-s.>      3.02      1.72136000D+00    240.06   93    1
 5.89506D-26
<cross-s.>      3.02      1.82262000D+00    240.06   93    1
 1.45505D-24
<cross-s.>      3.02      1.92387000D+00    240.06   93    1
 2.74200D-23
<cross-s.>      3.02      2.02513000D+00    240.06   93    1
 4.08590D-22
<cross-s.>      3.02      2.22764000D+00    240.06   93    1
 5.00278D-20
<cross-s.>      3.02      2.43015000D+00    240.06   93    1
 3.19509D-18
<cross-s.>      3.02      2.63267000D+00    240.06   93    1
 1.21230D-16
<cross-s.>      3.02      2.83518000D+00    240.06   93    1
 3.00966D-15
<cross-s.>      3.02      3.03769000D+00    240.06   93    1
 5.26412D-14
<cross-s.>      3.02      3.24021000D+00    240.06   93    1
 6.87090D-13
<cross-s.>      3.02      3.44272000D+00    240.06   93    1
 7.00111D-12
<cross-s.>      3.02      3.64523000D+00    240.06   93    1
 5.77600D-11
<cross-s.>      3.02      3.84774000D+00    240.06   93    1
 3.97384D-10
<cross-s.>      3.02      4.05026000D+00    240.06   93    1
 2.33594D-09
<cross-s.>      3.02      4.55654000D+00    240.06   93    1
 1.11162D-07
<cross-s.>      3.02      5.06282000D+00    240.06   93    1
 2.80939D-06
<cross-s.>      3.02      5.56910000D+00    240.06   93    1
 4.39994D-05
<cross-s.>      3.02      6.07538000D+00    240.06   93    1
 4.73742D-04
<cross-s.>      3.02      6.58167000D+00    240.06   93    1
 3.76354D-03
<cross-s.>      3.02      7.08795000D+00    240.06   93    1
 2.31631D-02
<cross-s.>      3.02      7.59423000D+00    240.06   93    1
 1.14408D-01
<cross-s.>      3.02      8.10051000D+00    240.06   93    1
 4.66181D-01
<cross-s.>      3.02      8.60679000D+00    240.06   93    1
 1.60472D+00
<cross-s.>      3.02      9.11308000D+00    240.06   93    1
 4.76765D+00
<cross-s.>      3.02      9.61936000D+00    240.06   93    1
 1.24646D+01
<cross-s.>      3.02      1.01256400D+01    240.06   93    1
 2.90178D+01
<cross-s.>      3.02      1.06319200D+01    240.06   93    1
 6.06272D+01
<cross-s.>      3.02      1.11382000D+01    240.06   93    1
 1.13623D+02
<cross-s.>      3.02      1.16444900D+01    240.06   93    1
 1.90456D+02
<cross-s.>      3.02      1.21507700D+01    240.06   93    1
 2.86765D+02
<cross-s.>      3.02      1.26570500D+01    240.06   93    1
 3.93824D+02
<cross-s.>      3.02      1.31633300D+01    240.06   93    1
 5.03371D+02
<cross-s.>      3.02      1.36696100D+01    240.06   93    1
 6.10169D+02
<cross-s.>      3.02      1.41758900D+01    240.06   93    1
 7.11893D+02
<cross-s.>      3.02      1.46821800D+01    240.06   93    1
 8.07788D+02
<cross-s.>      3.02      1.51884600D+01    240.06   93    1
 8.98044D+02
<cross-s.>      3.02      1.56947400D+01    240.06   93    1
 9.83376D+02
<cross-s.>      3.02      8.10050000D-01    240.06  184    1
 7.96745D-50
<cross-s.>      3.02      9.11310000D-01    240.06  184    1
 3.07637D-41
<cross-s.>      3.02      1.01256000D+00    240.06  184    1
 4.94091D-64
<cross-s.>      3.02      1.11382000D+00    240.06  184    1
 8.28444D-58
<cross-s.>      3.02      1.21508000D+00    240.06  184    1
 2.16670D-52
<cross-s.>      3.02      1.31633000D+00    240.06  184    1
 1.27264D-47
<cross-s.>      3.02      1.41759000D+00    240.06  184    1
 2.20683D-43
<cross-s.>      3.02      1.51885000D+00    240.06  184    1
 2.36513D-69
<cross-s.>      3.02      1.62010000D+00    240.06  184    1
 6.34202D-66
<cross-s.>      3.02      1.72136000D+00    240.06  184    1
 8.24616D-63
<cross-s.>      3.02      1.82262000D+00    240.06  184    1
 5.75045D-60
<cross-s.>      3.02      1.92387000D+00    240.06  184    1
 2.33665D-57
<cross-s.>      3.02      2.02513000D+00    240.06  184    1
 5.93138D-55
<cross-s.>      3.02      2.22764000D+00    240.06  184    1
 1.15571D-50
<cross-s.>      3.02      2.43015000D+00    240.06  184    1
 6.06679D-47
<cross-s.>      3.02      2.63267000D+00    240.06  184    1
 1.11132D-43
<cross-s.>      3.02      2.83518000D+00    240.06  184    1
 8.59757D-41
<cross-s.>      3.02      3.03769000D+00    240.06  184    1
 2.94278D-38
<cross-s.>      3.02      3.24020000D+00    240.06  184    1
 6.09868D-36
<cross-s.>      3.02      3.44272000D+00    240.06  184    1
 6.56416D-33
<cross-s.>      3.02      3.64523000D+00    240.06  184    1
 5.76373D-31
<cross-s.>      3.02      3.84774000D+00    240.06  184    1
 3.18359D-29
<cross-s.>      3.02      4.05026000D+00    240.06  184    1
 1.26029D-27
<cross-s.>      3.02      4.55654000D+00    240.06  184    1
 3.71396D-24
<cross-s.>      3.02      5.06282000D+00    240.06  184    1
 2.77891D-21
<cross-s.>      3.02      5.56910000D+00    240.06  184    1
 7.27078D-19
<cross-s.>      3.02      6.07538000D+00    240.06  184    1
 8.33872D-17
<cross-s.>      3.02      6.58167000D+00    240.06  184    1
 4.93828D-15
<cross-s.>      3.02      7.08795000D+00    240.06  184    1
 1.70765D-13
<cross-s.>      3.02      7.59423000D+00    240.06  184    1
 3.79090D-12
<cross-s.>      3.02      8.10051000D+00    240.06  184    1
 5.82073D-11
<cross-s.>      3.02      8.60679000D+00    240.06  184    1
 6.56227D-10
<cross-s.>      3.02      9.11307000D+00    240.06  184    1
 5.70274D-09
<cross-s.>      3.02      9.61936000D+00    240.06  184    1
 3.97580D-08
<cross-s.>      3.02      1.01256400D+01    240.06  184    1
 2.29804D-07
<cross-s.>      3.02      1.06319200D+01    240.06  184    1
 1.13168D-06
<cross-s.>      3.02      1.11382000D+01    240.06  184    1
 4.85587D-06
<cross-s.>      3.02      1.16444800D+01    240.06  184    1
 1.84933D-05
<cross-s.>      3.02      1.21507700D+01    240.06  184    1
 6.34740D-05
<cross-s.>      3.02      1.26570500D+01    240.06  184    1
 1.98834D-04
<cross-s.>      3.02      1.31633300D+01    240.06  184    1
 5.74560D-04
<cross-s.>      3.02      1.36696100D+01    240.06  184    1
 1.54550D-03
<cross-s.>      3.02      1.41758900D+01    240.06  184    1
 3.90032D-03
<cross-s.>      3.02      1.46821800D+01    240.06  184    1
 9.29877D-03
<cross-s.>      3.02      1.51884600D+01    240.06  184    1
 2.10700D-02
<cross-s.>      3.02      1.56947400D+01    240.06  184    1
 4.56198D-02
<cross-s.>      4.00      8.13390000D-01    239.05  184    1
 1.38062D-71
<cross-s.>      4.00      9.15070000D-01    239.05  184    1
 6.14949D-62
<cross-s.>      4.00      1.01674000D+00    239.05  184    1
 3.70806D-53
<cross-s.>      4.00      1.11842000D+00    239.05  184    1
 2.85559D-46
<cross-s.>      4.00      1.22009000D+00    239.05  184    1
 3.20975D-70
<cross-s.>      4.00      1.32177000D+00    239.05  184    1
 1.80102D-64
<cross-s.>      4.00      1.42344000D+00    239.05  184    1
 8.06951D-60
<cross-s.>      4.00      1.52512000D+00    239.05  184    1
 1.50176D-55
<cross-s.>      4.00      1.62679000D+00    239.05  184    1
 1.83562D-51
<cross-s.>      4.00      1.72846000D+00    239.05  184    1
 7.83619D-48
<cross-s.>      4.00      1.83014000D+00    239.05  184    1
 1.91247D-44
<cross-s.>      4.00      1.93181000D+00    239.05  184    1
 4.76768D-71
<cross-s.>      4.00      2.03349000D+00    239.05  184    1
 2.88507D-68
<cross-s.>      4.00      2.23684000D+00    239.05  184    1
 2.66447D-63
<cross-s.>      4.00      2.44018000D+00    239.05  184    1
 7.12713D-59
<cross-s.>      4.00      2.64353000D+00    239.05  184    1
 4.23788D-55
<cross-s.>      4.00      2.84688000D+00    239.05  184    1
 6.93829D-52
<cross-s.>      4.00      3.05023000D+00    239.05  184    1
 8.59995D-49
<cross-s.>      4.00      3.25358000D+00    239.05  184    1
 2.57179D-46
<cross-s.>      4.00      3.45693000D+00    239.05  184    1
 8.17108D-44
<cross-s.>      4.00      3.66028000D+00    239.05  184    1
 1.14081D-41
<cross-s.>      4.00      3.86363000D+00    239.05  184    1
 8.41952D-40
<cross-s.>      4.00      4.06697000D+00    239.05  184    1
 7.41253D-38
<cross-s.>      4.00      4.57535000D+00    239.05  184    1
 3.95160D-33
<cross-s.>      4.00      5.08372000D+00    239.05  184    1
 7.38481D-30
<cross-s.>      4.00      5.59209000D+00    239.05  184    1
 9.77322D-27
<cross-s.>      4.00      6.10046000D+00    239.05  184    1
 2.56003D-24
<cross-s.>      4.00      6.60883000D+00    239.05  184    1
 3.30379D-22
<cross-s.>      4.00      7.11721000D+00    239.05  184    1
 2.51827D-20
<cross-s.>      4.00      7.62558000D+00    239.05  184    1
 1.35382D-18
<cross-s.>      4.00      8.13395000D+00    239.05  184    1
 5.28552D-17
<cross-s.>      4.00      8.64232000D+00    239.05  184    1
 1.60717D-15
<cross-s.>      4.00      9.15069000D+00    239.05  184    1
 3.79628D-14
<cross-s.>      4.00      9.65906000D+00    239.05  184    1
 6.81401D-13
<cross-s.>      4.00      1.01674300D+01    239.05  184    1
 8.09059D-12
<cross-s.>      4.00      1.06758100D+01    239.05  184    1
 7.31933D-11
<cross-s.>      4.00      1.11841800D+01    239.05  184    1
 6.01596D-10
<cross-s.>      4.00      1.16925500D+01    239.05  184    1
 4.45680D-09
<cross-s.>      4.00      1.22009200D+01    239.05  184    1
 2.94433D-08
<cross-s.>      4.00      1.27092900D+01    239.05  184    1
 1.74225D-07
<cross-s.>      4.00      1.32176700D+01    239.05  184    1
 9.33157D-07
<cross-s.>      4.00      1.37260400D+01    239.05  184    1
 4.95332D-06
<cross-s.>      4.00      1.42344100D+01    239.05  184    1
 2.93713D-05
<cross-s.>      4.00      1.47427800D+01    239.05  184    1
 1.35971D-04
<cross-s.>      4.00      1.52511500D+01    239.05  184    1
 5.43777D-04
<cross-s.>      4.00      1.57595200D+01    239.05  184    1
 1.95047D-03
<cross-s.>      4.00      1.62679000D+01    239.05  184    1
 6.40024D-03
<cross-s.>      4.00      1.67762700D+01    239.05  184    1
 1.94753D-02
<cross-s.>      4.00      1.72846400D+01    239.05  184    1
 5.54983D-02
<cross-s.>      4.00      1.77930100D+01    239.05  184    1
 1.49287D-01
<cross-s.>      4.00      1.83013800D+01    239.05  184    1
 3.81241D-01
<cross-s.>      4.00      1.88097600D+01    239.05  184    1
 9.28055D-01
<cross-s.>      4.00      1.93181300D+01    239.05  184    1
 2.15882D+00
<cross-s.>      4.00      1.98265000D+01    239.05  184    1
 4.65068D+00
<cross-s.>      4.00      2.03348700D+01    239.05  184    1
 9.55444D+00
<cross-s.>      4.00      2.13516100D+01    239.05  184    1
 3.45287D+01
<cross-s.>      4.00      2.23683600D+01    239.05  184    1
 9.42141D+01
<cross-s.>      4.00      2.33851000D+01    239.05  184    1
 1.93405D+02
<cross-s.>      4.00      2.44018400D+01    239.05  184    1
 3.20598D+02
<cross-s.>      4.00      2.54185900D+01    239.05  184    1
 4.44096D+02
<cross-s.>      4.00      2.64353300D+01    239.05  184    1
 5.50715D+02
<cross-s.>      4.00      2.74520700D+01    239.05  184    1
 6.77126D+02
<cross-s.>      4.00      2.84688200D+01    239.05  184    1
 7.96684D+02
<cross-s.>      4.00      2.94855600D+01    239.05  184    1
 9.08860D+02
<cross-s.>      4.00      3.05023000D+01    239.05  184    1
 1.01390D+03
