<ine.c.s.>      1.01      1.00000000D-06    242.06    0    2            
0.d0          1                                                         
0.d0          2                                                         
<ine.c.s.>      1.01      1.00000000D-05    242.06    0    2            
0.d0          1                                                         
0.d0          2                                                         
<ine.c.s.>      1.01      1.00000000D-04    242.06    0    2            
0.d0          1                                                         
0.d0          2                                                         
<ine.c.s.>      1.01      1.00000000D-03    242.06    0    2            
0.d0          1                                                         
0.d0          2                                                         
<ine.c.s.>      1.01      2.00000000D-03    242.06    0    2            
0.d0          1                                                         
0.d0          2                                                         
<ine.c.s.>      1.01      4.00000000D-03    242.06    0    2            
0.d0          1                                                         
0.d0          2                                                         
<ine.c.s.>      1.01      7.00000000D-03    242.06    0    2            
0.d0          1                                                         
0.d0          2                                                         
<ine.c.s.>      1.01      1.00000000D-02    242.06    0    2            
0.d0          1                                                         
0.d0          2                                                         
<ine.c.s.>      1.01      2.00000000D-02    242.06    0    2            
0.d0          1                                                         
0.d0          2                                                         
<ine.c.s.>      1.01      4.00000000D-02    242.06    0    2            
0.d0          1                                                         
0.d0          2                                                         
<ine.c.s.>      1.01      7.00000000D-02    242.06    0    2            
 4.01686D+00  1                                                         
0.d0          2                                                         
<ine.c.s.>      1.01      1.00000000D-01    242.06    0    2            
 1.20727D+01  1                                                         
0.d0          2                                                         
<ine.c.s.>      1.01      2.00000000D-01    242.06    0    2            
 5.17514D+01  1                                                         
 2.45112D-01  2                                                         
<ine.c.s.>      1.01      3.00000000D-01    242.06    0    2            
 1.00784D+02  1                                                         
 2.88634D+00  2                                                         
<ine.c.s.>      1.01      4.00000000D-01    242.06    0    2            
 1.56535D+02  1                                                         
 1.02018D+01  2                                                         
<ine.c.s.>      1.01      5.00000000D-01    242.06    0    2            
 2.16445D+02  1                                                         
 2.31365D+01  2                                                         
<ine.c.s.>      1.01      6.00000000D-01    242.06    0    2            
 2.76136D+02  1                                                         
 4.12041D+01  2                                                         
<ine.c.s.>      1.01      7.00000000D-01    242.06    0    2            
 3.31470D+02  1                                                         
 6.29144D+01  2                                                         
<ine.c.s.>      1.01      8.00000000D-01    242.06    0    2            
 3.79779D+02  1                                                         
 8.63490D+01  2                                                         
<ine.c.s.>      1.01      9.00000000D-01    242.06    0    2            
 4.20422D+02  1                                                         
 1.09753D+02  2                                                         
<ine.c.s.>      1.01      1.00000000D+00    242.06    0    2            
 4.53713D+02  1                                                         
 1.31753D+02  2                                                         
<ine.c.s.>      1.01      1.20000000D+00    242.06    0    2            
 5.02404D+02  1                                                         
 1.68542D+02  2                                                         
<ine.c.s.>      1.01      1.40000000D+00    242.06    0    2            
 5.34696D+02  1                                                         
 1.94513D+02  2                                                         
<ine.c.s.>      1.01      1.60000000D+00    242.06    0    2            
 5.56714D+02  1                                                         
 2.10882D+02  2                                                         
<ine.c.s.>      1.01      1.80000000D+00    242.06    0    2            
 5.70785D+02  1                                                         
 2.19597D+02  2                                                         
<ine.c.s.>      1.01      2.00000000D+00    242.06    0    2            
 5.77339D+02  1                                                         
 2.22535D+02  2                                                         
<ine.c.s.>      1.01      2.20000000D+00    242.06    0    2            
 5.76725D+02  1                                                         
 2.21420D+02  2                                                         
<ine.c.s.>      1.01      2.40000000D+00    242.06    0    2            
 5.70075D+02  1                                                         
 2.17785D+02  2                                                         
<ine.c.s.>      1.01      2.60000000D+00    242.06    0    2            
 5.58949D+02  1                                                         
 2.12805D+02  2                                                         
<ine.c.s.>      1.01      2.80000000D+00    242.06    0    2            
 5.44886D+02  1                                                         
 2.07222D+02  2                                                         
<ine.c.s.>      1.01      3.00000000D+00    242.06    0    2            
 5.39589D+02  1                                                         
 2.07624D+02  2                                                         
<ine.c.s.>      1.01      3.20000000D+00    242.06    0    2            
 5.26400D+02  1                                                         
 2.03679D+02  2                                                         
<ine.c.s.>      1.01      3.40000000D+00    242.06    0    2            
 5.11370D+02  1                                                         
 1.98970D+02  2                                                         
<ine.c.s.>      1.01      3.60000000D+00    242.06    0    2            
 4.95134D+02  1                                                         
 1.93688D+02  2                                                         
<ine.c.s.>      1.01      3.80000000D+00    242.06    0    2            
 4.78327D+02  1                                                         
 1.88019D+02  2                                                         
<ine.c.s.>      1.01      4.00000000D+00    242.06    0    2            
 4.61506D+02  1                                                         
 1.82161D+02  2                                                         
<ine.c.s.>      1.01      4.20000000D+00    242.06    0    2            
 4.45130D+02  1                                                         
 1.76256D+02  2                                                         
<ine.c.s.>      1.01      4.40000000D+00    242.06    0    2            
 4.29561D+02  1                                                         
 1.70428D+02  2                                                         
<ine.c.s.>      1.01      4.60000000D+00    242.06    0    2            
 4.15080D+02  1                                                         
 1.64777D+02  2                                                         
<ine.c.s.>      1.01      4.80000000D+00    242.06    0    2            
 4.01810D+02  1                                                         
 1.59347D+02  2                                                         
<ine.c.s.>      1.01      5.00000000D+00    242.06    0    2            
 3.89856D+02  1                                                         
 1.54191D+02  2                                                         
<ine.c.s.>      1.01      5.20000000D+00    242.06    0    2            
 3.79278D+02  1                                                         
 1.49315D+02  2                                                         
<ine.c.s.>      1.01      5.40000000D+00    242.06    0    2            
 3.70046D+02  1                                                         
 1.44735D+02  2                                                         
<ine.c.s.>      1.01      5.60000000D+00    242.06    0    2            
 3.62113D+02  1                                                         
 1.40425D+02  2                                                         
<ine.c.s.>      1.01      5.80000000D+00    242.06    0    2            
 3.55376D+02  1                                                         
 1.36357D+02  2                                                         
<ine.c.s.>      1.01      6.00000000D+00    242.06    0    2            
 3.49700D+02  1                                                         
 1.32494D+02  2                                                         
<ine.c.s.>      1.01      6.20000000D+00    242.06    0    2            
 3.44929D+02  1                                                         
 1.28797D+02  2                                                         
<ine.c.s.>      1.01      6.40000000D+00    242.06    0    2            
 3.40887D+02  1                                                         
 1.25224D+02  2                                                         
<ine.c.s.>      1.01      6.60000000D+00    242.06    0    2            
 3.37423D+02  1                                                         
 1.21743D+02  2                                                         
<ine.c.s.>      1.01      6.80000000D+00    242.06    0    2            
 3.34385D+02  1                                                         
 1.18336D+02  2                                                         
<ine.c.s.>      1.01      7.00000000D+00    242.06    0    2            
 3.31634D+02  1                                                         
 1.14968D+02  2                                                         
<ine.c.s.>      1.01      7.20000000D+00    242.06    0    2            
 3.29062D+02  1                                                         
 1.11643D+02  2                                                         
<ine.c.s.>      1.01      7.40000000D+00    242.06    0    2            
 3.26595D+02  1                                                         
 1.08359D+02  2                                                         
<ine.c.s.>      1.01      7.60000000D+00    242.06    0    2            
 3.24140D+02  1                                                         
 1.05111D+02  2                                                         
<ine.c.s.>      1.01      7.80000000D+00    242.06    0    2            
 3.21662D+02  1                                                         
 1.01913D+02  2                                                         
<ine.c.s.>      1.01      8.00000000D+00    242.06    0    2            
 3.19111D+02  1                                                         
 9.87708D+01  2                                                         
<ine.c.s.>      1.01      8.50000000D+00    242.06    0    2            
 3.12294D+02  1                                                         
 9.12385D+01  2                                                         
<ine.c.s.>      1.01      9.00000000D+00    242.06    0    2            
 3.04725D+02  1                                                         
 8.42527D+01  2                                                         
<ine.c.s.>      1.01      9.50000000D+00    242.06    0    2            
 2.96558D+02  1                                                         
 7.78937D+01  2                                                         
<ine.c.s.>      1.01      1.00000000D+01    242.06    0    2            
 2.87965D+02  1                                                         
 7.21453D+01  2                                                         
<ine.c.s.>      1.01      1.05000000D+01    242.06    0    2            
 2.79193D+02  1                                                         
 6.69644D+01  2                                                         
<ine.c.s.>      1.01      1.10000000D+01    242.06    0    2            
 2.70381D+02  1                                                         
 6.22730D+01  2                                                         
<ine.c.s.>      1.01      1.15000000D+01    242.06    0    2            
 2.61645D+02  1                                                         
 5.80032D+01  2                                                         
<ine.c.s.>      1.01      1.20000000D+01    242.06    0    2            
 2.53059D+02  1                                                         
 5.41040D+01  2                                                         
<ine.c.s.>      1.01      1.25000000D+01    242.06    0    2            
 2.44657D+02  1                                                         
 5.05289D+01  2                                                         
<ine.c.s.>      1.01      1.30000000D+01    242.06    0    2            
 2.36495D+02  1                                                         
 4.72536D+01  2                                                         
<ine.c.s.>      1.01      1.35000000D+01    242.06    0    2            
 2.28571D+02  1                                                         
 4.42421D+01  2                                                         
<ine.c.s.>      1.01      1.40000000D+01    242.06    0    2            
 2.20929D+02  1                                                         
 4.14768D+01  2                                                         
<ine.c.s.>      1.01      1.45000000D+01    242.06    0    2            
 2.13593D+02  1                                                         
 3.89340D+01  2                                                         
<ine.c.s.>      1.01      1.50000000D+01    242.06    0    2            
 2.06570D+02  1                                                         
 3.65890D+01  2                                                         
<ine.c.s.>      1.01      1.60000000D+01    242.06    0    2            
 1.93648D+02  1                                                         
 3.24519D+01  2                                                         
<ine.c.s.>      1.01      1.70000000D+01    242.06    0    2            
 1.82328D+02  1                                                         
 2.89532D+01  2                                                         
<ine.c.s.>      1.01      1.80000000D+01    242.06    0    2            
 1.72702D+02  1                                                         
 2.60092D+01  2                                                         
<ine.c.s.>      1.01      1.90000000D+01    242.06    0    2            
 1.64731D+02  1                                                         
 2.35464D+01  2                                                         
<ine.c.s.>      1.01      2.00000000D+01    242.06    0    2            
 1.58229D+02  1                                                         
 2.14892D+01  2                                                         
