 n-Be009.res.tendl.2021: Merger of MF1 and MF2                      99 0  0    0
 4009.00000 8.93478000          1          0          2          6 425 1451    1
 0.0        0.0                 0          0          0          6 425 1451    2
 1.00000000 20000000.0          3          0         10          3 425 1451    3
 0.0        0.0                 0          0          1          2 425 1451    4
  4-Be-  9 IRK-VIENNA EVAL-JAN97 VIENNA, OBNINSK                   425 1451    5
 EFF-DOC              DIST-DEC17 REV3-DEC17          2020171231    425 1451    6
---JEFF-3.3           MATERIAL  425                                425 1451    7
-----INCIDENT NEUTRON DATA                                         425 1451    8
------ENDF-6 FORMAT                                                425 1451    9
*****************************  JEFF-3.2    *********************** 425 1451   10
                                1        451         12          0 425 1451   11
                                2        151          4          0 425 1451   12
                                                                   425 1  099999
                                                                   425 0  0    0
 4009.00000 8.93478000          0          0          1          0 425 2151    1
 4009.00000 1.00000000          0          0          1          0 425 2151    2
 1.00000E-5 20000000.0          0          0          0          0 425 2151    3
 0.0        .280811100          0          0          0          0 425 2151    4
                                                                   425 2  0    5
                                                                   425 0  0    0
                                                                     0 0  0    0
                                                                    -1 0  0    0
