 n-F019.res.tendl.2021: Merger of MF1 and MF2                       99 0  0    0
 9019.00000 18.8350000          1          0          6          1 925 1451    1
 0.0        0.0                 0          0          0          6 925 1451    2
 1.00000000 20000000.0          0          0         10          4 925 1451    3
 0.0        0.0                 0          0          1          2 925 1451    4
  9-F - 19 JAERI      EVAL-JUL89 T.SUGI                            925 1451    5
                      DIST-MAY10                       20090828    925 1451    6
----JENDL-4.0         MATERIAL  925                                925 1451    7
-----INCIDENT NEUTRON DATA                                         925 1451    8
------ENDF-6 FORMAT                                                925 1451    9
                                                                   925 1451   10
                                1        451         12          0 925 1451   11
                                2        151         10          0 925 1451   12
                                                                   925 1  099999
                                                                   925 0  0    0
 9019.00000 18.8350000          0          0          1          0 925 2151    1
 9019.00000 1.00000000          0          0          1          0 925 2151    2
 1.00000E-5 100000.000          1          2          0          0 925 2151    3
 .500000000 .552500000          0          0          2          0 925 2151    4
 18.8352000 0.0                 0          0          6          1 925 2151    5
 269000.000 1.00000000 11000.0000 10990.4000 9.60000000 0.0        925 2151    6
 18.8352000 0.0                 1          0         18          3 925 2151    7
 27050.0000 2.00000000 335.400000 334.000000 1.40000000 0.0        925 2151    8
 49060.0000 1.00000000 1691.70000 1690.00000 1.70000000 0.0        925 2151    9
 97679.9000 1.00000000 17006.0000 17000.0000 6.00000000 0.0        925 2151   10
                                                                   925 2  0   11
                                                                   925 0  0    0
                                                                     0 0  0    0
                                                                    -1 0  0    0
