 n-U233.res.tendl.2021: Merger of MF1 and MF2                       99 0  0    0
 92233.0000 231.037700          1          1          2          19222 1451    1
 0.0        1.00000000          0          0          0          69222 1451    2
 1.00000000 30000000.0          3          0         10          39222 1451    3
 0.0        0.0                 0          0          1          29222 1451    4
 92-U -233 LANL,ORNL  EVAL-SEP06 Young,Chadwick,Talou,Leal,Derrien9222 1451    5
                      DIST-DEC17 REV3-DEC17            20171231   9222 1451    6
---JEFF-3.3           MATERIAL 9222                               9222 1451    7
-----INCIDENT NEUTRON DATA                                        9222 1451    8
------ENDF-6 FORMAT                                               9222 1451    9
***************************************************************** 9222 1451   10
                                1        451         12          09222 1451   11
                                2        151       1152          09222 1451   12
                                                                  9222 1  099999
                                                                  9222 0  0    0
 92233.0000 231.037700          0          0          1          09222 2151    1
 92233.0000 1.00000000          0          1          2          09222 2151    2
 1.00000E-5 600.000000          1          3          0          19222 2151    3
 2.50000000 .962000000          0          0          1          39222 2151    4
 231.037700 0.0                 0          0       4620        7709222 2151    5
-1060.00000 3.00000000 1.52400000 .040000000 .260000000 .2370000009222 2151    6
-800.000000 2.00000000 1.31500000 .040000000 .312000000-.2250000009222 2151    7
-575.000000 3.00000000 .807900000 .040000000-.255000000 .2400000009222 2151    8
-387.500000 2.00000000 .588800000 .040000000 .282500000-.2420000009222 2151    9
-237.500000 3.00000000 .388500000 .040000000-.285000000-.2300000009222 2151   10
-137.500000 2.00000000 .195400000 .040000000 .312000000 .2150000009222 2151   11
-77.5000000 3.00000000 .110600000 .040000000-.334000000 .2480000009222 2151   12
-40.0000000 2.00000000 .043060000 .040000000-.253000000-.3520000009222 2151   13
-17.9130000 3.00000000 .030310000 .040000000 .340000000-.2040000009222 2151   14
-7.79660000 2.00000000 3.01000E-4 .040000000-.122800000 .0512300009222 2151   15
-4.53180000 2.00000000 1.76600E-5 .040000000-2.25200000 .0016250009222 2151   16
-3.32780000 2.00000000 2.65300E-5 .044710000 1.75500000 .0013280009222 2151   17
-3.05440000 3.00000000 9.16500E-4 .063740000-.460700000 1.818000009222 2151   18
-2.45840000 3.00000000 1.90700E-4 .085300000 .010650000 5.63700E-59222 2151   19
-1.75650000 3.00000000 1.86700E-4 .037630000 2.16600000 8.58900E-59222 2151   20
-.993170000 2.00000000 1.28100E-7 .028500000 .043160000-1.421000009222 2151   21
 .165977000 3.00000000 1.00100E-7 .082980000 .018810000-2.63900E-49222 2151   22
 .232443000 2.00000000 3.17700E-8 .048480000 .001397000 6.55300E-49222 2151   23
 .576819000 2.00000000 6.28800E-7 .025190000 .342400000 .0338800009222 2151   24
 1.45166300 2.00000000 2.00700E-4 .038300000 3.93400E-4-.5557000009222 2151   25
 1.76732100 3.00000000 2.57900E-4 .039990000-.145500000 .0568500009222 2151   26
 2.30315200 3.00000000 1.52500E-4 .037430000 .054370000 6.90100E-69222 2151   27
 3.50980500 2.00000000 1.81300E-4 .038960000 .587500000 4.43100E-49222 2151   28
 3.63343600 3.00000000 5.44700E-5 .035890000 .083230000 2.59400E-59222 2151   29
 4.45711900 2.00000000 3.78700E-4 .034490000-7.00600E-5-1.149000009222 2151   30
 5.80510400 3.00000000 1.00400E-4 .039000000 .351900000-1.85500E-49222 2151   31
 6.63841900 2.00000000 3.43000E-4 .039000000 8.46800E-6 .5560000009222 2151   32
 6.82522700 3.00000000 6.89400E-4 .034880000-.105100000-.0100800009222 2151   33
 7.47521400 3.00000000 3.34200E-5 .039000000 .041630000 .1444000009222 2151   34
 8.70214900 2.00000000 1.89700E-5 .039000000 .178800000 7.63500E-49222 2151   35
 8.77168800 2.00000000 3.29300E-4 .039000000-.004463000-1.601000009222 2151   36
 9.17172100 3.00000000 6.77100E-5 .050230000 .207800000 .0115500009222 2151   37
 10.3764200 3.00000000 .001413000 .047110000-.256800000 1.65700E-59222 2151   38
 11.2821000 3.00000000 2.48600E-4 .039000000-.041860000-.4206000009222 2151   39
 11.6978800 2.00000000 9.98500E-5 .039000000-.531400000-.0345500009222 2151   40
 12.7873600 3.00000000 .001329000 .040110000 .048030000-.2524000009222 2151   41
 13.4489800 3.00000000 1.25900E-4 .039000000 .252300000 5.11800E-49222 2151   42
 13.6780000 2.00000000 3.24300E-4 .034080000-.213400000 .0542100009222 2151   43
 15.3282800 3.00000000 6.38600E-4 .041580000-4.19800E-4-.1534000009222 2151   44
 15.4974600 3.00000000 6.30800E-5 .039000000 .014050000-.0059240009222 2151   45
 16.2044900 3.00000000 7.17400E-4 .039000000 .336500000 .0809300009222 2151   46
 16.5731600 3.00000000 5.39600E-4 .033100000-.026770000 .1499000009222 2151   47
 17.4008300 2.00000000 2.30800E-6 .039000000 1.90100000-.0245800009222 2151   48
 18.1248200 2.00000000 2.98900E-4 .035070000 .434000000 5.71100E-49222 2151   49
 18.5364700 3.00000000 2.75400E-4 .039000000-.236600000 .0075040009222 2151   50
 18.9403800 3.00000000 .001589000 .040810000-.113700000-.1634000009222 2151   51
 20.6036800 3.00000000 5.90100E-4 .036770000 .235500000-.0703100009222 2151   52
 21.8650600 3.00000000 .001151000 .050590000-8.74300E-4 .2417000009222 2151   53
 22.1950900 2.00000000 .003354000 .032600000 .020210000 .5749000009222 2151   54
 22.6104700 2.00000000 .001809000 .039000000 2.07700000 .0131900009222 2151   55
 23.0630900 2.00000000 8.30600E-4 .041540000 2.46400E-4-.6953000009222 2151   56
 23.6911500 3.00000000 5.12000E-4 .032280000 .191800000-.3405000009222 2151   57
 24.2258900 3.00000000 3.21300E-4 .034290000 .132800000 .4592000009222 2151   58
 25.2904500 3.00000000 4.58000E-4 .029310000-.001561000-.1759000009222 2151   59
 25.4043800 2.00000000 .001740000 .039000000 .166700000 1.475000009222 2151   60
 26.6401100 3.00000000 2.62400E-4 .047030000 .021990000 .1542000009222 2151   61
 27.8448400 3.00000000 3.34200E-4 .039000000-.354600000 .6837000009222 2151   62
 28.3300300 2.00000000 1.02900E-4 .044990000-.093340000 .0386700009222 2151   63
 28.5016200 3.00000000 3.78100E-6 .039000000-5.12200E-4-.0778500009222 2151   64
 29.1469800 3.00000000 .001087000 .025390000 .002097000-.3812000009222 2151   65
 29.7112900 3.00000000 1.15600E-4 .025700000 2.34800E-7 .1596000009222 2151   66
 30.5980000 2.00000000 8.06800E-5 .039000000 .060640000-.1038000009222 2151   67
 30.7436700 3.00000000 7.26100E-4 .039000000-.327400000 1.70500E-59222 2151   68
 31.2366600 3.00000000 2.37400E-4 .043700000-.255200000-.1503000009222 2151   69
 32.1101600 3.00000000 8.73400E-4 .033930000 .185800000-.0199100009222 2151   70
 33.0130900 3.00000000 5.70700E-4 .048450000-.138000000-.5964000009222 2151   71
 33.7037600 2.00000000 3.72900E-5 .039000000-1.01400000 .1659000009222 2151   72
 34.6979300 3.00000000 3.32900E-4 .038550000 .032950000 .3106000009222 2151   73
 34.8590100 2.00000000 .006116000 .047580000 .002302000-3.504000009222 2151   74
 36.6066400 3.00000000 5.45000E-4 .028290000-.003999000 .0888300009222 2151   75
 37.4571100 2.00000000 9.10700E-4 .033610000 .418300000 .0012570009222 2151   76
 39.0691200 2.00000000 .001007000 .039000000-.548100000-.3680000009222 2151   77
 39.8204000 3.00000000 1.39600E-4 .039000000 .278500000-.2340000009222 2151   78
 40.5163300 2.00000000 9.31100E-4 .039000000 .734200000 .0017220009222 2151   79
 41.1242000 3.00000000 3.36200E-4 .038320000-.020300000 .0974300009222 2151   80
 41.9647200 2.00000000 2.54200E-4 .039000000-.649800000-.1008000009222 2151   81
 42.6944300 3.00000000 6.98600E-4 .041480000 .135000000-.0134800009222 2151   82
 43.5516800 3.00000000 3.03300E-4 .038300000 .112900000 .0724100009222 2151   83
 44.7419100 2.00000000 2.87100E-4 .039000000 .497800000 3.80800E-49222 2151   84
 45.4944800 3.00000000 1.74600E-4 .039000000-.025910000 1.090000009222 2151   85
 46.1628000 3.00000000 4.49400E-4 .044590000 .046290000 .0602900009222 2151   86
 47.3364800 2.00000000 6.40200E-4 .039000000 .347000000-7.18900E-49222 2151   87
 47.3823800 2.00000000 6.16200E-4 .039000000-5.97800E-4 .6774000009222 2151   88
 48.7698400 3.00000000 .002020000 .051960000-.052080000 .0715200009222 2151   89
 49.2265700 2.00000000 5.01200E-4 .039000000-5.74200E-4-.3890000009222 2151   90
 50.4691500 2.00000000 .001164000 .039000000 .972900000 .0031370009222 2151   91
 51.0480000 3.00000000 7.08400E-5 .039000000-.053550000 .3378000009222 2151   92
 52.0659300 2.00000000 9.15600E-5 .039000000-.022220000-.4025000009222 2151   93
 52.5738200 3.00000000 1.29300E-5 .039000000 .075440000-.1858000009222 2151   94
 53.0916700 2.00000000 6.26400E-4 .039000000 .172100000 .0191800009222 2151   95
 53.4119500 3.00000000 8.50800E-4 .039000000-.192900000-.4060000009222 2151   96
 54.0517700 2.00000000 .001459000 .039000000 .009524000-.3381000009222 2151   97
 54.8612800 3.00000000 9.60400E-4 .039000000-.144800000 .0203700009222 2151   98
 56.1330500 2.00000000 .004245000 .039000000-.001968000 .7545000009222 2151   99
 56.4773900 2.00000000 1.87700E-5 .039000000 .621500000-.0028340009222 2151  100
 56.4874100 3.00000000 8.37200E-4 .039000000-.227000000 .0320600009222 2151  101
 57.6633100 2.00000000 .003701000 .039000000-.795600000-5.06700E-49222 2151  102
 58.6151200 3.00000000 .001181000 .039000000 .227200000 .1587000009222 2151  103
 58.9031200 3.00000000 1.11100E-5 .039000000 .117500000 .0035670009222 2151  104
 61.2483800 2.00000000 .001418000 .039000000-.004204000-.8924000009222 2151  105
 61.5259700 3.00000000 .001212000 .039000000 .104300000-.2518000009222 2151  106
 62.7094500 3.00000000 .001395000 .038580000 .074310000 .0041310009222 2151  107
 64.1657300 2.00000000 5.35000E-4 .039000000 .174900000-.1605000009222 2151  108
 64.1716200 2.00000000 9.27600E-4 .039000000 .214600000 .3320000009222 2151  109
 64.5456600 3.00000000 .001100000 .035240000-.014500000 .1419000009222 2151  110
 65.2146900 3.00000000 3.01400E-4 .039000000 .145200000-.0115200009222 2151  111
 65.5584300 3.00000000 9.60500E-4 .039000000-.261500000-.6645000009222 2151  112
 66.4614900 2.00000000 7.87500E-4 .039000000-.625300000 .3994000009222 2151  113
 68.1114000 3.00000000 2.99700E-4 .039000000-.197100000 .0216000009222 2151  114
 69.1232700 2.00000000 4.39100E-4 .039000000 .329700000 .1086000009222 2151  115
 69.7041000 2.00000000 .001922000 .039000000-.004704000-.8617000009222 2151  116
 70.3704500 3.00000000 .001779000 .039000000 .041840000 .4308000009222 2151  117
 71.9244500 3.00000000 2.06800E-4 .039000000-.087450000 .2092000009222 2151  118
 72.4786100 2.00000000 .002232000 .039000000 1.77900000-.0398600009222 2151  119
 73.5801800 3.00000000 .001895000 .045510000-.104000000 2.29700E-49222 2151  120
 74.1559100 3.00000000 .004268000 .039000000 .028910000 .4020000009222 2151  121
 75.1413000 2.00000000 6.36900E-4 .039000000-.140400000-.0013770009222 2151  122
 75.6213100 3.00000000 .002842000 .042920000-.272700000-4.56700E-49222 2151  123
 76.7923900 2.00000000 2.09300E-4 .039000000 .004222000 .5997000009222 2151  124
 78.2660700 3.00000000 .001324000 .039000000-.438700000-.1135000009222 2151  125
 79.1677300 2.00000000 .004025000 .039000000 3.72900000-.7567000009222 2151  126
 79.9084200 3.00000000 .001955000 .039000000 .462400000-.0063370009222 2151  127
 81.9008900 2.00000000 4.24800E-4 .039000000-.363000000-.1376000009222 2151  128
 82.3829400 3.00000000 .001897000 .039000000-.949900000 .0145700009222 2151  129
 83.0055600 3.00000000 .002366000 .037470000 2.35000E-4-.0354500009222 2151  130
 83.9807100 3.00000000 1.87400E-6 .039000000 .010220000 .0239100009222 2151  131
 84.6872600 2.00000000 3.64700E-4 .039000000 .453100000 .0670600009222 2151  132
 85.4957500 2.00000000 .001153000 .039000000-.203400000 .2875000009222 2151  133
 85.8857500 3.00000000 1.00300E-5 .039000000-2.41400000 .0237500009222 2151  134
 85.9984500 3.00000000 2.67500E-4 .039000000-5.82300E-4-.5384000009222 2151  135
 87.4110900 3.00000000 2.58600E-4 .044330000 .047360000 .1003000009222 2151  136
 88.2215200 3.00000000 6.14000E-6 .039000000 .065430000-.0366400009222 2151  137
 89.1232500 3.00000000 .001697000 .046550000 .248000000 .0029060009222 2151  138
 89.5442700 2.00000000 8.02800E-5 .039000000 .123900000-.0807000009222 2151  139
 89.7170400 3.00000000 3.98800E-6 .039000000 .004402000-.0102200009222 2151  140
 90.2746900 2.00000000 .003836000 .039000000-8.07100E-4-1.689000009222 2151  141
 90.7665500 3.00000000 .006225000 .044500000-.109500000 .0030430009222 2151  142
 92.9486100 3.00000000 .001084000 .039000000 .394000000-.0010460009222 2151  143
 93.4011200 2.00000000 5.75300E-4 .039000000-.466100000-.0015930009222 2151  144
 94.0214500 3.00000000 .001455000 .034100000-.041960000 7.67700E-49222 2151  145
 95.4069400 3.00000000 .001279000 .033480000-.092680000 2.85900E-49222 2151  146
 96.6796500 3.00000000 7.23300E-4 .038000000 .539200000 .0036370009222 2151  147
 98.0657600 3.00000000 .004531000 .044250000 2.35000E-5-.0514500009222 2151  148
 98.0773600 2.00000000 .006785000 .039000000 1.94900000 .0077080009222 2151  149
 98.8434700 3.00000000 .001078000 .039000000-.086330000 .0242300009222 2151  150
 99.5796400 2.00000000 .001208000 .039000000-.002637000-.4203000009222 2151  151
 100.172100 3.00000000 .001856000 .039000000-.131700000-.2419000009222 2151  152
 102.645700 2.00000000 1.54400E-4 .039000000-2.07000000 .0430400009222 2151  153
 103.149000 3.00000000 .001363000 .039000000 .075470000-.1499000009222 2151  154
 104.602300 3.00000000 5.59400E-5 .039000000-.078200000 .0437400009222 2151  155
 105.016000 3.00000000 3.57800E-4 .039000000 .001644000 .0084780009222 2151  156
 105.176000 2.00000000 .002295000 .039000000 .521300000-.1827000009222 2151  157
 106.180700 3.00000000 .001887000 .039000000 .089830000 .0085460009222 2151  158
 106.726600 3.00000000 .004436000 .039000000-.178400000 .4225000009222 2151  159
 107.289200 3.00000000 .001295000 .039000000-.043270000-.0387600009222 2151  160
 108.160800 2.00000000 .001879000 .039000000-.174500000-.1808000009222 2151  161
 108.184000 2.00000000 1.90600E-4 .039000000 .040630000-.3922000009222 2151  162
 109.645500 3.00000000 .003153000 .039000000-.145200000-.1848000009222 2151  163
 110.361100 2.00000000 .001027000 .039000000-.047630000 .2301000009222 2151  164
 111.145200 3.00000000 .004833000 .039000000-.002466000-.3331000009222 2151  165
 112.492500 2.00000000 .001623000 .039000000 .108200000 .7954000009222 2151  166
 114.108500 2.00000000 .004484000 .039520000-.090250000-.9281000009222 2151  167
 114.826000 3.00000000 .003585000 .039000000 .229400000-.1885000009222 2151  168
 116.089900 3.00000000 3.51900E-4 .039000000 .036210000-.0414600009222 2151  169
 116.977900 2.00000000 8.63500E-5 .039000000 .425400000 .0830400009222 2151  170
 118.213600 3.00000000 .006450000 .039000000 .292200000-.0094590009222 2151  171
 118.674600 2.00000000 .002678000 .039000000 .217000000-1.308000009222 2151  172
 119.742500 3.00000000 .001468000 .039000000 8.91100E-4-.0799200009222 2151  173
 120.077100 2.00000000 3.05400E-4 .039000000 .003571000-.0601700009222 2151  174
 121.588100 3.00000000 .001755000 .039000000 .607400000 .0094650009222 2151  175
 122.403400 3.00000000 .001189000 .039000000 .092510000 .0283500009222 2151  176
 122.880100 3.00000000 .001260000 .039000000 .860700000 .0167100009222 2151  177
 123.161000 2.00000000 5.24000E-4 .039000000 .220800000 .0170600009222 2151  178
 123.565000 3.00000000 .002040000 .039000000 1.73600000 .0427900009222 2151  179
 124.440300 3.00000000 .004558000 .056230000 3.62200E-4 .1386000009222 2151  180
 126.570400 3.00000000 8.22400E-4 .039000000-.270600000 7.94100E-69222 2151  181
 127.670300 3.00000000 2.55400E-4 .039000000 .110200000 .0025720009222 2151  182
 128.112500 2.00000000 5.23500E-5 .039000000-.502700000-.0018610009222 2151  183
 128.817100 2.00000000 .002060000 .039000000 .862800000 .1981000009222 2151  184
 130.731200 2.00000000 2.89800E-5 .039000000-.043130000-.0138500009222 2151  185
 130.804400 3.00000000 2.17500E-4 .039000000-.241900000-.1241000009222 2151  186
 131.146500 3.00000000 2.38900E-5 .039000000-.042350000-.0208500009222 2151  187
 132.391500 2.00000000 2.34700E-4 .039000000 .041720000 .8424000009222 2151  188
 132.706600 2.00000000 .001208000 .039000000-.392400000-.0212000009222 2151  189
 133.516200 3.00000000 .002474000 .039000000 .204800000-.0188600009222 2151  190
 134.320100 2.00000000 .006204000 .039000000 .116700000 1.196000009222 2151  191
 135.706700 3.00000000 .003843000 .039000000-.290600000-.0067520009222 2151  192
 136.431700 2.00000000 1.81200E-5 .039000000-.076450000 .0100400009222 2151  193
 136.826900 3.00000000 7.30500E-4 .039000000 .567500000-.0318700009222 2151  194
 137.351400 2.00000000 6.15100E-4 .039000000 9.40600E-4 .6888000009222 2151  195
 139.847600 3.00000000 8.99100E-4 .039000000-.098460000 .8607000009222 2151  196
 141.226900 2.00000000 .003313000 .039000000-.001006000 .9893000009222 2151  197
 142.195400 3.00000000 .002757000 .039000000-7.88000E-5 .5325000009222 2151  198
 143.258000 3.00000000 .002937000 .038110000-.052050000 2.06200E-49222 2151  199
 144.365100 2.00000000 .001700000 .039000000-1.13200000 .2986000009222 2151  200
 145.808800 3.00000000 1.05500E-4 .039720000-.020140000-3.92000E-59222 2151  201
 145.834300 3.00000000 .004542000 .039000000-.067590000 4.09000E-49222 2151  202
 147.325000 3.00000000 7.13600E-4 .039000000-.568900000-.6980000009222 2151  203
 147.801200 3.00000000 5.91600E-5 .039000000 .001453000 .0017980009222 2151  204
 148.474100 2.00000000 1.17700E-4 .039000000-.166600000-.0401200009222 2151  205
 149.674800 3.00000000 .002993000 .039000000 .020900000 .4740000009222 2151  206
 151.486200 2.00000000 .005088000 .039000000 2.78400000 .0615500009222 2151  207
 152.013000 2.00000000 .004117000 .039000000-3.95400E-4 .5707000009222 2151  208
 152.765800 3.00000000 6.71800E-4 .039000000 .078610000 6.51500E-59222 2151  209
 153.192200 2.00000000 6.45200E-4 .039000000 .079230000 2.19800E-49222 2151  210
 154.113000 2.00000000 5.68300E-4 .039000000-3.29000E-5-.0756700009222 2151  211
 154.453000 3.00000000 6.84400E-4 .039000000 .136100000 .2030000009222 2151  212
 156.057500 3.00000000 .001712000 .039000000 .268000000-1.19600E-49222 2151  213
 157.271500 2.00000000 .003286000 .039000000 .414200000 .0283700009222 2151  214
 157.477600 3.00000000 7.59600E-5 .039000000 .008985000 .0264800009222 2151  215
 157.789000 2.00000000 5.54600E-5 .039000000 .362600000 .4305000009222 2151  216
 158.663100 3.00000000 9.97000E-5 .039000000 .037180000 .3907000009222 2151  217
 159.295200 2.00000000 1.04400E-4 .039000000 .009736000 .2779000009222 2151  218
 159.727800 3.00000000 3.21900E-5 .039000000-.154900000-.0494900009222 2151  219
 161.494600 2.00000000 5.32600E-4 .039000000 .615300000-.0013250009222 2151  220
 162.258900 3.00000000 .003193000 .039000000 .258900000-.1051000009222 2151  221
 162.973100 2.00000000 .004018000 .039000000 .434500000-.0041870009222 2151  222
 163.725500 3.00000000 .001175000 .039000000 .017370000 .7225000009222 2151  223
 165.068100 2.00000000 7.58100E-4 .039000000-.079190000-.0995600009222 2151  224
 165.701400 2.00000000 .008061000 .035850000 .001765000 .1809000009222 2151  225
 165.866700 2.00000000 .001943000 .039000000 .006717000 .2564000009222 2151  226
 166.001800 3.00000000 7.21900E-5 .039000000 .022500000-.0192300009222 2151  227
 167.133900 3.00000000 6.24900E-5 .039000000 .019050000-.0206000009222 2151  228
 167.808400 3.00000000 .002184000 .039000000 .346800000 .0012110009222 2151  229
 168.234000 3.00000000 .002198000 .038970000 .054380000-.0312700009222 2151  230
 169.060700 2.00000000 .003361000 .040260000 .057080000-.0211400009222 2151  231
 169.486500 3.00000000 7.82100E-4 .039000000 .334600000-.2393000009222 2151  232
 170.017700 3.00000000 .001298000 .039000000-.458000000 .0088890009222 2151  233
 171.203800 3.00000000 3.85400E-5 .039000000 .851000000-.0153700009222 2151  234
 171.562100 3.00000000 .002819000 .039000000 .003885000-.6543000009222 2151  235
 171.720700 3.00000000 6.94200E-5 .039000000 .806400000-.2518000009222 2151  236
 173.248500 2.00000000 .001767000 .039000000-.828800000-.7515000009222 2151  237
 173.412400 2.00000000 6.38100E-4 .039000000 9.60100E-4-1.019000009222 2151  238
 173.960600 3.00000000 5.01200E-4 .039000000-.016880000 .6435000009222 2151  239
 174.525900 3.00000000 1.15200E-5 .039000000-.012580000-.0096450009222 2151  240
 175.709400 2.00000000 .005756000 .039000000 .153200000 .7030000009222 2151  241
 176.280800 3.00000000 8.03300E-4 .039000000 .030060000 .0072990009222 2151  242
 177.065600 2.00000000 2.74200E-4 .039000000-.007682000 .3721000009222 2151  243
 178.751500 3.00000000 .001789000 .039000000-6.91000E-4-.8883000009222 2151  244
 178.763000 3.00000000 2.39800E-4 .039000000 .035190000-.1181000009222 2151  245
 179.536300 3.00000000 3.49700E-4 .039000000-.247900000 5.12500E-49222 2151  246
 181.389500 3.00000000 2.93700E-4 .039000000 .055650000-.6211000009222 2151  247
 181.834100 2.00000000 7.94700E-4 .039000000 .054610000 .0134500009222 2151  248
 183.307600 3.00000000 .001143000 .039000000-6.15500E-4-.0931100009222 2151  249
 184.408800 2.00000000 1.21900E-4 .039000000-.386200000-.0237500009222 2151  250
 184.856000 2.00000000 1.47200E-5 .039000000-.775200000-.0027800009222 2151  251
 185.181200 3.00000000 1.72600E-4 .039000000 .010410000 .0019940009222 2151  252
 185.197600 3.00000000 .001169000 .039000000 .640600000 .0629900009222 2151  253
 186.222600 2.00000000 .001768000 .039000000-.011520000-.7323000009222 2151  254
 188.327100 2.00000000 .005694000 .039000000 .712400000 .0809800009222 2151  255
 189.686300 2.00000000 5.78600E-5 .039000000 .032210000-.0739100009222 2151  256
 189.843300 2.00000000 .010940000 .039000000 .433800000-.7303000009222 2151  257
 191.408900 3.00000000 .003579000 .039000000-1.32400E-6-.3772000009222 2151  258
 191.848500 3.00000000 2.69800E-4 .039000000-4.82800E-7 .2232000009222 2151  259
 192.930900 3.00000000 .010390000 .039000000 2.07000000-1.658000009222 2151  260
 193.553700 3.00000000 5.93900E-4 .039000000 .765700000-.0151400009222 2151  261
 195.175800 3.00000000 .001630000 .039000000 1.37400000 .0501800009222 2151  262
 196.162500 2.00000000 5.21500E-4 .039000000 .797600000-.0199100009222 2151  263
 197.313400 2.00000000 .001734000 .039000000-.398800000 .0317200009222 2151  264
 198.135000 3.00000000 .003947000 .039000000-.104500000 .0419100009222 2151  265
 198.703800 3.00000000 .001516000 .039000000-.002942000-.4555000009222 2151  266
 199.436500 2.00000000 .002905000 .039000000-.253200000-.0017310009222 2151  267
 199.983100 2.00000000 3.65200E-5 .039000000-3.69200E-4 .0064050009222 2151  268
 200.290100 2.00000000 5.24200E-4 .039000000 .370400000 .0124900009222 2151  269
 200.785600 3.00000000 3.68600E-5 .039000000-.135000000 .0962300009222 2151  270
 200.786600 3.00000000 .002806000 .039000000-1.46400E-4-.3823000009222 2151  271
 201.154700 2.00000000 5.17900E-5 .039000000-6.19500E-4-.0930300009222 2151  272
 202.446200 2.00000000 .007005000 .039000000 .344100000 .0165300009222 2151  273
 203.319000 2.00000000 2.26700E-4 .039000000 .036400000 .6657000009222 2151  274
 204.283800 3.00000000 2.55400E-4 .039000000 .024620000-.5203000009222 2151  275
 204.660900 2.00000000 4.66800E-6 .039000000-4.24000E-4-.6025000009222 2151  276
 204.669800 2.00000000 .001242000 .039000000 .202000000 .0805300009222 2151  277
 204.791700 3.00000000 .001247000 .039000000-.047370000 .0050000009222 2151  278
 205.887500 2.00000000 .003702000 .039000000-.001120000 .2292000009222 2151  279
 206.212500 2.00000000 3.38100E-4 .039000000 .003410000-.0019020009222 2151  280
 206.805300 3.00000000 .003431000 .039000000-.390800000-.1110000009222 2151  281
 207.347400 3.00000000 4.18300E-5 .039000000 .814400000 .0035220009222 2151  282
 208.786000 2.00000000 .015030000 .039000000-1.07500000-7.68000E-49222 2151  283
 209.662900 3.00000000 .001832000 .039000000 .242900000 .0893100009222 2151  284
 210.174900 2.00000000 5.60900E-4 .039000000-.121900000-.2248000009222 2151  285
 211.004100 3.00000000 .001379000 .039000000 .018280000-.1407000009222 2151  286
 211.818300 2.00000000 .002241000 .039000000 .076180000 .3374000009222 2151  287
 213.646100 2.00000000 .004436000 .039000000 .686400000 .0240600009222 2151  288
 214.956100 3.00000000 5.96900E-4 .039000000-.243500000 .5102000009222 2151  289
 216.260300 3.00000000 .001070000 .039000000 .035790000-1.366000009222 2151  290
 217.186600 2.00000000 7.95400E-4 .039000000-.909000000-.1954000009222 2151  291
 217.652700 2.00000000 .011180000 .039000000-.093870000-.2631000009222 2151  292
 217.796300 2.00000000 .004289000 .039000000-6.41000E-4-.8280000009222 2151  293
 218.583400 3.00000000 .006818000 .039000000-.049310000-.1704000009222 2151  294
 218.793900 3.00000000 3.88500E-4 .039000000-.010840000 .0028470009222 2151  295
 219.849600 3.00000000 .003321000 .039000000 .292500000-.0043260009222 2151  296
 220.446700 2.00000000 9.60100E-4 .039000000-.279300000 .9055000009222 2151  297
 220.864400 3.00000000 .002665000 .039000000-1.06700000 .3775000009222 2151  298
 223.099900 3.00000000 .002383000 .039000000-.018340000 .3555000009222 2151  299
 223.629100 3.00000000 .009745000 .039000000 .115000000 .0177900009222 2151  300
 224.807100 2.00000000 .001991000 .039000000 .403000000-.1478000009222 2151  301
 226.447400 3.00000000 6.53500E-4 .039000000-.962700000-.1443000009222 2151  302
 227.571400 2.00000000 1.47700E-4 .039000000-.438900000-3.50300E-59222 2151  303
 229.643800 3.00000000 .001597000 .039000000 .006835000-.6391000009222 2151  304
 230.274800 3.00000000 .002419000 .039000000 .200800000-.1668000009222 2151  305
 231.052000 2.00000000 .002721000 .039000000 1.02100E-4-.9800000009222 2151  306
 231.585100 3.00000000 5.70500E-4 .039000000 .004626000-.0784900009222 2151  307
 233.321300 3.00000000 .001612000 .039000000 .387800000-.0174400009222 2151  308
 233.871300 3.00000000 .005628000 .039000000-.256000000 9.80400E-49222 2151  309
 234.036600 3.00000000 3.13300E-5 .039000000 .018230000-.0016750009222 2151  310
 234.392900 3.00000000 8.39200E-5 .039000000 .046790000 .0380200009222 2151  311
 235.323100 3.00000000 .001407000 .039000000 .235300000-.0344100009222 2151  312
 235.610900 2.00000000 .003236000 .039000000-1.33000000 .0062680009222 2151  313
 236.498700 3.00000000 .002875000 .039000000 .001306000 .0438500009222 2151  314
 237.338300 2.00000000 .005994000 .039000000 .002544000 .4440000009222 2151  315
 239.157600 2.00000000 7.41100E-4 .039000000 1.55700000-.1041000009222 2151  316
 239.384900 2.00000000 .001711000 .039000000 .002664000-.1227000009222 2151  317
 239.717100 3.00000000 1.35400E-5 .039000000 .002485000-.0822600009222 2151  318
 240.232800 3.00000000 1.38900E-4 .039000000 .183400000-1.432000009222 2151  319
 240.685100 3.00000000 .003135000 .039000000 .245100000-.2934000009222 2151  320
 241.227100 2.00000000 4.40700E-4 .039000000 .183200000-2.76900E-49222 2151  321
 242.817300 2.00000000 .010890000 .039000000 .823300000 .7748000009222 2151  322
 243.217800 3.00000000 8.29900E-4 .039000000 .170700000 .0014430009222 2151  323
 244.418300 3.00000000 4.92500E-5 .039000000 .001034000 .1989000009222 2151  324
 244.526100 3.00000000 .001071000 .039000000 .409400000 3.83700E-49222 2151  325
 244.830300 3.00000000 .001059000 .039000000 .006800000-.6109000009222 2151  326
 244.830700 2.00000000 8.70100E-5 .039000000-1.35100E-4-.0045700009222 2151  327
 247.260100 3.00000000 7.07000E-4 .039000000 .678000000-1.66300E-69222 2151  328
 247.951500 3.00000000 .004944000 .039000000 .484300000 .0062840009222 2151  329
 248.985800 3.00000000 .001028000 .039000000-.529500000 .0380000009222 2151  330
 250.075700 2.00000000 .004616000 .039000000 .024600000-.3257000009222 2151  331
 250.389300 2.00000000 8.58400E-4 .039000000-.060350000 .1720000009222 2151  332
 250.666400 3.00000000 .005818000 .039000000 .072170000-.2597000009222 2151  333
 252.159400 2.00000000 .013610000 .039000000-.022510000-.2487000009222 2151  334
 253.178400 3.00000000 .005794000 .039000000 .004492000 1.342000009222 2151  335
 254.450300 3.00000000 .003272000 .039000000 .330100000-.0010110009222 2151  336
 255.009800 3.00000000 .002498000 .039000000 .504000000-.0033170009222 2151  337
 256.864300 2.00000000 .002618000 .039000000-.597200000-3.93400E-49222 2151  338
 258.123000 3.00000000 4.17800E-4 .039000000-.020920000-.3973000009222 2151  339
 258.921400 2.00000000 .001130000 .039000000 .016600000 .4429000009222 2151  340
 260.131800 2.00000000 3.07800E-4 .039000000 .410300000-.2388000009222 2151  341
 260.502200 3.00000000 7.09500E-4 .039000000-.291200000 .4793000009222 2151  342
 262.076300 3.00000000 8.67300E-4 .039000000 .039070000-.1270000009222 2151  343
 262.514000 2.00000000 .002398000 .039000000-.171000000 .1464000009222 2151  344
 263.061600 2.00000000 .001041000 .039000000 .028700000-.3626000009222 2151  345
 263.748500 2.00000000 .002501000 .039000000 9.71700E-4 .8821000009222 2151  346
 264.893800 3.00000000 .001508000 .039000000 .426400000-.0822900009222 2151  347
 266.460200 3.00000000 .002937000 .039000000-.359900000-.3410000009222 2151  348
 268.081100 3.00000000 .002613000 .039000000 .012800000-2.315000009222 2151  349
 268.395100 3.00000000 .001860000 .039000000 .097680000-.1414000009222 2151  350
 268.554300 2.00000000 .002274000 .039000000 .079200000-.2230000009222 2151  351
 269.808200 3.00000000 6.94500E-4 .039000000 .117600000 8.00300E-49222 2151  352
 272.098300 3.00000000 4.47100E-4 .039000000-.156200000-.0674300009222 2151  353
 272.106600 2.00000000 9.84400E-4 .039000000 .090590000 .0374500009222 2151  354
 273.873400 2.00000000 .007017000 .039000000 .026940000 .2487000009222 2151  355
 275.085800 2.00000000 .004550000 .039000000 .182900000 .1064000009222 2151  356
 275.244600 3.00000000 3.92000E-4 .039000000-2.27000E-4 5.65500E-69222 2151  357
 276.336600 2.00000000 .008644000 .039000000 .173600000-.8571000009222 2151  358
 276.762000 3.00000000 3.97000E-4 .039000000 .275200000 .1194000009222 2151  359
 276.807000 3.00000000 .003515000 .039000000 .165700000-.0066830009222 2151  360
 277.702800 2.00000000 .004375000 .039000000 .096820000-.0207100009222 2151  361
 278.644900 3.00000000 .004932000 .039000000 .210300000-.0204500009222 2151  362
 279.990400 3.00000000 9.16800E-4 .039000000 .250100000 .1180000009222 2151  363
 280.920900 2.00000000 .005496000 .039000000 .016530000 .2053000009222 2151  364
 281.697600 2.00000000 .003192000 .039000000-.074170000-.2028000009222 2151  365
 283.360200 3.00000000 .006074000 .039000000-.098140000 .3923000009222 2151  366
 283.687400 3.00000000 4.59900E-4 .039000000-.036500000 .6677000009222 2151  367
 284.766500 3.00000000 .004557000 .039000000 .134100000-.3607000009222 2151  368
 285.638500 3.00000000 .001671000 .039000000 .551700000 .0630900009222 2151  369
 287.320700 2.00000000 .005576000 .039000000-.171700000 .2740000009222 2151  370
 289.282000 3.00000000 .005361000 .039000000-.163600000 .2958000009222 2151  371
 291.400300 2.00000000 .001585000 .039000000 1.46900000 .0068970009222 2151  372
 293.208400 3.00000000 .003256000 .039000000 .038350000-.6581000009222 2151  373
 294.827800 2.00000000 .011590000 .039000000-.394800000 .4371000009222 2151  374
 295.315000 2.00000000 6.79100E-4 .039000000 .009747000 .0251300009222 2151  375
 295.467800 3.00000000 9.47300E-4 .039000000 .049080000-.1497000009222 2151  376
 295.687100 2.00000000 1.18600E-5 .039000000 .409200000-.3141000009222 2151  377
 298.065300 3.00000000 .014900000 .039000000-.061190000 .3008000009222 2151  378
 298.622400 2.00000000 .024340000 .039000000-.266100000-1.108000009222 2151  379
 298.628100 3.00000000 .004210000 .039000000 .052130000 .0082050009222 2151  380
 299.830400 3.00000000 6.38300E-4 .039000000-.145700000 3.21900E-49222 2151  381
 300.851400 3.00000000 6.31300E-4 .039000000-.369500000-.6745000009222 2151  382
 302.032800 3.00000000 .004605000 .039000000 .256400000-3.17500E-49222 2151  383
 302.515800 2.00000000 .004264000 .039000000 .303800000-.2322000009222 2151  384
 303.712500 2.00000000 .001532000 .039000000-1.51800000-.1385000009222 2151  385
 304.870600 3.00000000 3.70000E-4 .039000000 1.01300000-.0344800009222 2151  386
 306.287700 2.00000000 7.57600E-5 .039000000 .091010000-.2225000009222 2151  387
 307.513200 3.00000000 5.09700E-4 .039000000 .001573000-1.202000009222 2151  388
 307.643800 2.00000000 .001050000 .039000000 .674400000-1.713000009222 2151  389
 307.737600 3.00000000 2.50000E-5 .039000000 .912200000-.5406000009222 2151  390
 308.318900 3.00000000 1.85900E-4 .039000000 1.02300000-.1858000009222 2151  391
 311.149000 2.00000000 .002776000 .039000000 .700800000 .0010880009222 2151  392
 311.157500 3.00000000 3.27500E-4 .039000000-.051450000-8.66000E-59222 2151  393
 311.486000 3.00000000 .001244000 .039000000-.924200000 .0026240009222 2151  394
 312.030600 3.00000000 7.99900E-5 .039000000-1.03000000-.7292000009222 2151  395
 313.204000 3.00000000 .001473000 .039000000 2.01600000-.0752800009222 2151  396
 313.314000 2.00000000 2.13800E-7 .039000000 .671100000 .0083760009222 2151  397
 314.144400 2.00000000 .009746000 .039000000 .319700000 .3975000009222 2151  398
 314.698500 2.00000000 6.32400E-4 .039000000-.006131000-.1136000009222 2151  399
 315.028300 2.00000000 .004551000 .039000000 .623700000-.0859500009222 2151  400
 316.051200 3.00000000 1.62500E-5 .039000000-.036450000 .1847000009222 2151  401
 316.141800 3.00000000 .002002000 .039000000 1.21100000-.1743000009222 2151  402
 316.231700 3.00000000 1.39700E-5 .039000000 .009466000-.0023900009222 2151  403
 316.290100 3.00000000 .002093000 .039000000 .016920000 .0542000009222 2151  404
 317.594700 2.00000000 7.81000E-4 .039000000 1.07900000 .0471700009222 2151  405
 317.866700 3.00000000 9.97000E-4 .039000000-.181900000 1.00600E-49222 2151  406
 318.603400 3.00000000 3.38900E-4 .039000000-.003767000 .7419000009222 2151  407
 319.358800 3.00000000 .001189000 .039000000 5.84100E-4-.2019000009222 2151  408
 319.964500 2.00000000 .003485000 .039000000 1.81300E-4 .3999000009222 2151  409
 320.628000 3.00000000 .001045000 .039000000-.133900000 .0026330009222 2151  410
 321.462600 2.00000000 .004529000 .039000000-.044280000-.1227000009222 2151  411
 321.897200 3.00000000 7.23500E-4 .039000000 .919600000 .0142700009222 2151  412
 322.391800 2.00000000 .002105000 .039000000 1.18200000-.1019000009222 2151  413
 322.882800 3.00000000 1.40700E-4 .039000000-.004882000 .7051000009222 2151  414
 323.161700 3.00000000 9.80100E-4 .039000000 .377300000-.0094250009222 2151  415
 324.338700 3.00000000 .004950000 .039000000 1.38900000-.4313000009222 2151  416
 324.386000 2.00000000 2.05200E-4 .039000000-.081440000-.5267000009222 2151  417
 325.575200 3.00000000 1.04000E-5 .039000000-2.88100000-.0203300009222 2151  418
 326.345400 3.00000000 .016640000 .039000000 .038700000 .5541000009222 2151  419
 326.413900 3.00000000 .004192000 .039000000 1.53700000 .3537000009222 2151  420
 326.900800 2.00000000 .002241000 .039000000 .094050000 .0176300009222 2151  421
 328.117500 3.00000000 .002133000 .039000000-7.15400E-6-.4889000009222 2151  422
 329.577900 2.00000000 .004696000 .039000000 .119100000 .0069770009222 2151  423
 329.636700 3.00000000 1.53400E-5 .039000000-.038400000 .2316000009222 2151  424
 330.329400 3.00000000 .002894000 .039000000-1.10900000-.0094680009222 2151  425
 330.826800 3.00000000 .001525000 .039000000-.015490000 .6315000009222 2151  426
 331.024400 2.00000000 .001690000 .039000000-3.16700E-4 2.356000009222 2151  427
 332.811500 2.00000000 .001635000 .039000000-.011680000 2.708000009222 2151  428
 333.252200 3.00000000 2.13600E-5 .039000000-.298100000-.0072960009222 2151  429
 333.809300 3.00000000 4.22800E-6 .039000000-.029330000 .0012960009222 2151  430
 333.860000 3.00000000 .006424000 .039000000 2.11800000-.9191000009222 2151  431
 333.885800 2.00000000 .008809000 .039000000 .293100000-.2954000009222 2151  432
 334.071500 2.00000000 .001390000 .039000000 .028970000-2.017000009222 2151  433
 335.359700 2.00000000 .001063000 .039000000-2.96000E-8 2.037000009222 2151  434
 337.243200 3.00000000 .001824000 .039000000 1.22300E-4 .3477000009222 2151  435
 338.680900 2.00000000 .011180000 .039000000 .759100000-.0038280009222 2151  436
 339.745200 2.00000000 .008847000 .039000000-.014270000-.0988700009222 2151  437
 341.122300 2.00000000 .004970000 .039000000 .247300000 .9711000009222 2151  438
 342.635500 2.00000000 .004538000 .039000000 .001696000 4.569000009222 2151  439
 342.848800 3.00000000 .002481000 .039000000-.017510000 .3584000009222 2151  440
 343.037900 3.00000000 .001810000 .039000000-.532900000-.0636800009222 2151  441
 343.117000 2.00000000 2.14000E-5 .039000000 7.85100E-4 3.90800E-49222 2151  442
 343.623300 2.00000000 .002837000 .039000000 .810300000 .0160400009222 2151  443
 344.114500 2.00000000 1.68900E-5 .039000000-.178900000 .0223500009222 2151  444
 344.325600 3.00000000 7.34400E-4 .039000000 .680900000 .0086240009222 2151  445
 344.615500 3.00000000 .002493000 .039000000 .274900000-.0078490009222 2151  446
 345.543800 3.00000000 .003484000 .039000000 .038970000 .2684000009222 2151  447
 347.773700 2.00000000 .001263000 .039000000 .235800000-.0066650009222 2151  448
 348.999100 3.00000000 2.30200E-4 .039000000-.020250000 .1560000009222 2151  449
 349.789200 3.00000000 1.56100E-4 .039000000 .137500000-1.914000009222 2151  450
 349.925300 2.00000000 1.90500E-4 .039000000-.087180000-.0994900009222 2151  451
 350.003200 2.00000000 .002761000 .039000000-.002470000-1.377000009222 2151  452
 350.394300 3.00000000 1.47900E-4 .039000000-.086520000 1.543000009222 2151  453
 351.781500 3.00000000 .004434000 .039000000-.424500000-1.143000009222 2151  454
 351.989700 2.00000000 .001434000 .039000000 .058200000-.0863400009222 2151  455
 352.281000 3.00000000 .001127000 .039000000-.139500000-1.01800E-49222 2151  456
 353.900600 2.00000000 .001531000 .039000000 .080100000 .0024760009222 2151  457
 354.814500 2.00000000 .004374000 .039000000-.006159000 1.815000009222 2151  458
 355.159800 2.00000000 .002726000 .039000000 .116200000 .0034300009222 2151  459
 356.949700 2.00000000 1.55400E-5 .039000000 .249500000-.0159900009222 2151  460
 357.702000 2.00000000 .001814000 .039000000-.309200000-.0031290009222 2151  461
 357.895900 3.00000000 .002427000 .039000000 .867700000 .3122000009222 2151  462
 358.797600 3.00000000 .001062000 .039000000-.057740000 .0869500009222 2151  463
 359.433300 2.00000000 .001117000 .039000000-.019610000-.3448000009222 2151  464
 359.598200 3.00000000 5.24100E-4 .039000000 .065080000 .0033740009222 2151  465
 363.138400 2.00000000 5.51600E-4 .039000000 1.71000E-4 .2845000009222 2151  466
 363.795500 2.00000000 .002570000 .039000000 .337700000-.0308500009222 2151  467
 363.843500 3.00000000 .003102000 .039000000 .703700000-.0043880009222 2151  468
 363.915000 3.00000000 4.36400E-4 .039000000-.043660000 .2196000009222 2151  469
 365.651500 2.00000000 .019770000 .039000000 .759800000-.0800400009222 2151  470
 365.951500 3.00000000 .001404000 .039000000 .059310000 1.29000E-49222 2151  471
 366.036900 2.00000000 .004120000 .039000000 1.02800000 .0940300009222 2151  472
 367.114700 3.00000000 3.96000E-4 .039000000-.237300000 .9474000009222 2151  473
 367.220500 2.00000000 .002996000 .039000000-.255600000 .0907400009222 2151  474
 367.825600 3.00000000 .006298000 .039000000-.018750000-1.129000009222 2151  475
 368.957600 3.00000000 .008159000 .039000000 .904400000-1.837000009222 2151  476
 371.623500 2.00000000 .011690000 .039000000-.023820000-.5873000009222 2151  477
 371.796800 3.00000000 .004448000 .039000000-.003983000 .0889200009222 2151  478
 372.303800 3.00000000 4.92700E-4 .039000000 1.15000000 .0116400009222 2151  479
 372.407900 3.00000000 .009160000 .039000000-.048760000-.5231000009222 2151  480
 372.764200 3.00000000 .001376000 .039000000-.172000000 1.33200E-59222 2151  481
 374.483100 3.00000000 .010570000 .039000000 .049080000 .2004000009222 2151  482
 374.855000 2.00000000 .001229000 .039000000-.282400000-.0128400009222 2151  483
 375.919900 2.00000000 .005475000 .039000000 .604100000-.1375000009222 2151  484
 375.956800 3.00000000 4.51300E-4 .039000000-.055900000-.0249300009222 2151  485
 376.399600 2.00000000 .003535000 .039000000 .084610000 .0219200009222 2151  486
 378.277800 3.00000000 .002812000 .039000000-.068750000-.7401000009222 2151  487
 379.638600 2.00000000 1.59500E-4 .039000000-.106000000-.0194200009222 2151  488
 380.232100 3.00000000 4.29700E-4 .039000000-.392400000-.0187600009222 2151  489
 381.858300 3.00000000 .004822000 .039000000-.836000000 .0925500009222 2151  490
 383.311800 3.00000000 .004396000 .039000000-.002412000-.4777000009222 2151  491
 383.311900 3.00000000 1.01700E-4 .039000000-.551400000-5.82500E-49222 2151  492
 384.940800 2.00000000 .002744000 .039000000-.164700000-.3114000009222 2151  493
 385.032900 3.00000000 .005445000 .039000000 3.48900000 .0412900009222 2151  494
 385.485600 2.00000000 .003430000 .039000000 .236700000 .0335800009222 2151  495
 385.926200 3.00000000 3.42700E-4 .039000000 .226400000-.0078710009222 2151  496
 387.491800 3.00000000 7.67200E-4 .039000000 .074960000 .0768600009222 2151  497
 388.607900 3.00000000 2.32400E-4 .039000000 .236000000-3.70300E-59222 2151  498
 389.096100 3.00000000 7.08000E-5 .039000000 .370100000 .0167500009222 2151  499
 389.594900 3.00000000 5.79700E-4 .039000000-.373000000-.0844900009222 2151  500
 390.616800 2.00000000 .009972000 .039000000 1.38300E-5-.5244000009222 2151  501
 391.763300 3.00000000 .001084000 .039000000-.036850000 1.58000E-59222 2151  502
 392.505000 3.00000000 .007032000 .039000000-1.43800000-.0018150009222 2151  503
 393.268100 2.00000000 .029660000 .039000000 1.11400000-.6422000009222 2151  504
 393.480000 2.00000000 1.10200E-4 .039000000-.749500000-4.10100E-49222 2151  505
 395.535300 3.00000000 .003321000 .039000000 .024360000 .1059000009222 2151  506
 395.548100 3.00000000 8.75300E-5 .039000000 .073600000 .0065880009222 2151  507
 396.028300 2.00000000 .003086000 .039000000 6.66400E-5-.1958000009222 2151  508
 396.513200 3.00000000 .002929000 .039000000 7.06800E-5-.3338000009222 2151  509
 399.284900 2.00000000 .001479000 .039000000-.007990000 .1509000009222 2151  510
 399.424400 3.00000000 .002201000 .039000000 1.45300000 .0082410009222 2151  511
 401.816900 3.00000000 6.45800E-4 .039000000 .020610000-1.464000009222 2151  512
 401.937800 2.00000000 3.39100E-5 .039000000 .011040000-2.81100E-59222 2151  513
 402.623500 2.00000000 .001657000 .039000000 .552400000-.9784000009222 2151  514
 403.644000 3.00000000 5.18900E-4 .039000000 .001997000-.0014290009222 2151  515
 403.728800 3.00000000 6.84100E-4 .039000000-.025120000-.5979000009222 2151  516
 404.807500 3.00000000 1.12600E-4 .039000000 .030100000 .0395600009222 2151  517
 404.814500 2.00000000 .004264000 .039000000-.668500000 .9323000009222 2151  518
 404.976200 3.00000000 5.57600E-5 .039000000 .065430000 .0103900009222 2151  519
 406.427900 3.00000000 .002766000 .039000000-.924500000 .0755100009222 2151  520
 407.258800 3.00000000 2.01800E-4 .039000000-.026540000-.1413000009222 2151  521
 407.795700 2.00000000 .002394000 .039000000-.615800000 .0726500009222 2151  522
 409.111600 2.00000000 .001120000 .039000000 .686500000-.1386000009222 2151  523
 409.593900 3.00000000 .001617000 .039000000-.131600000-.2987000009222 2151  524
 410.856900 2.00000000 1.39800E-4 .039000000-.042480000 .4109000009222 2151  525
 411.676300 3.00000000 .002972000 .039000000 .152400000-1.372000009222 2151  526
 412.605400 2.00000000 7.23400E-4 .039000000 3.86500E-4 .6864000009222 2151  527
 415.725400 2.00000000 .008230000 .039000000-.707900000-.0036340009222 2151  528
 416.407300 3.00000000 .002297000 .039000000 3.13200E-4-.0964100009222 2151  529
 417.226300 3.00000000 .003115000 .039000000-.491000000 .0092390009222 2151  530
 418.049800 3.00000000 8.24100E-5 .039000000-4.05500E-4-.2575000009222 2151  531
 419.728100 3.00000000 .001573000 .039000000 .430800000 .0508700009222 2151  532
 419.874300 3.00000000 5.61400E-4 .039000000 .549500000-.0625200009222 2151  533
 421.215500 2.00000000 .003895000 .039000000 .912900000-.4198000009222 2151  534
 421.672900 3.00000000 9.73000E-4 .039000000 .042600000 .1171000009222 2151  535
 422.376800 2.00000000 2.30600E-5 .039000000 1.52800000 .2871000009222 2151  536
 423.384300 3.00000000 .001569000 .039000000 .009339000 .0684500009222 2151  537
 424.295000 2.00000000 .007403000 .039000000-.660700000 .0590700009222 2151  538
 425.817100 3.00000000 7.94100E-4 .039000000 1.05900E-4 .0727300009222 2151  539
 426.481300 2.00000000 9.11300E-4 .039000000 2.36500000 .0153300009222 2151  540
 427.170400 2.00000000 .001054000 .039000000-.536500000 .0763800009222 2151  541
 427.575300 3.00000000 .003090000 .039000000-.770400000 1.42500E-59222 2151  542
 428.235500 3.00000000 2.16200E-4 .039000000-.018940000 .0590300009222 2151  543
 428.469500 2.00000000 .001192000 .039000000 .733500000 .0051500009222 2151  544
 429.126700 3.00000000 .001426000 .039000000 1.09800000 .0061990009222 2151  545
 431.034800 2.00000000 .001370000 .039000000 .327800000 .0637200009222 2151  546
 431.824800 3.00000000 2.12900E-4 .039000000-.376800000-.0468100009222 2151  547
 432.453400 2.00000000 .001567000 .039000000 .005464000 2.052000009222 2151  548
 434.033700 2.00000000 .002357000 .039000000 1.23400000 .0048570009222 2151  549
 435.598700 3.00000000 .001664000 .039000000-1.94500000-.0011280009222 2151  550
 436.089200 3.00000000 .006365000 .039000000-8.97600E-4 .1601000009222 2151  551
 437.130900 2.00000000 .005539000 .039000000 .010810000 .6565000009222 2151  552
 437.807600 2.00000000 .003938000 .039000000-.001514000 .4879000009222 2151  553
 439.175400 3.00000000 .002173000 .039000000-.065640000 .2024000009222 2151  554
 439.778400 2.00000000 3.31000E-4 .039000000 .501200000-.1810000009222 2151  555
 440.530900 3.00000000 .002239000 .039000000 .013440000 .6527000009222 2151  556
 442.542700 3.00000000 4.52300E-4 .039000000 .127700000 .0890700009222 2151  557
 442.635300 3.00000000 .002567000 .039000000-.754400000 6.76500E-49222 2151  558
 443.108900 3.00000000 7.50200E-4 .039000000-.291400000 .3098000009222 2151  559
 444.118700 3.00000000 1.50200E-4 .039000000 .188500000 .0967200009222 2151  560
 445.118400 3.00000000 9.55300E-5 .039000000-.047240000-.0981300009222 2151  561
 445.721100 3.00000000 .001513000 .039000000-.772100000 9.34700E-49222 2151  562
 446.414200 2.00000000 .011000000 .039000000-.285400000 .0064860009222 2151  563
 446.977300 2.00000000 .002703000 .039000000-.013370000 .1433000009222 2151  564
 448.123300 2.00000000 .002655000 .039000000 .463800000 5.90200E-49222 2151  565
 449.184800 2.00000000 4.64700E-5 .039000000 1.12800000 .0261600009222 2151  566
 449.672000 2.00000000 .003657000 .039000000 .082190000-.2049000009222 2151  567
 449.850900 3.00000000 5.22500E-6 .039000000 .016100000-.0014930009222 2151  568
 450.326600 3.00000000 5.75700E-4 .039000000-.182300000 .0423400009222 2151  569
 451.944300 2.00000000 .001226000 .039000000-3.56200E-5-.0657700009222 2151  570
 451.963700 2.00000000 .001108000 .039000000-.011100000-1.655000009222 2151  571
 454.048200 3.00000000 2.23400E-4 .039000000 .216300000 7.05700E-59222 2151  572
 454.478200 3.00000000 .002932000 .039000000 9.74500E-6 2.565000009222 2151  573
 456.323300 3.00000000 .001068000 .039000000 .814800000 4.53600E-49222 2151  574
 456.444100 3.00000000 7.40900E-4 .039000000 9.63600E-6 1.221000009222 2151  575
 457.472500 2.00000000 7.48100E-4 .039000000 1.00900000-1.34100E-49222 2151  576
 458.431000 3.00000000 .003164000 .039000000-.004636000-1.250000009222 2151  577
 458.835000 3.00000000 .003544000 .039000000 .379500000 3.34400E-49222 2151  578
 459.049000 2.00000000 .003658000 .039000000-.083750000-.0023290009222 2151  579
 459.667200 2.00000000 .001910000 .039000000 1.82700000-.0031200009222 2151  580
 460.803700 3.00000000 .002888000 .039000000-1.12700000 2.52600E-49222 2151  581
 462.141000 3.00000000 3.16400E-4 .039000000 .014210000 .2724000009222 2151  582
 462.540800 3.00000000 4.98800E-4 .039000000 .461900000 .0010270009222 2151  583
 464.158600 2.00000000 .001977000 .039000000-.009861000 .4623000009222 2151  584
 464.988300 3.00000000 .004457000 .039000000-1.50000E-4-.6376000009222 2151  585
 465.081900 3.00000000 8.56100E-5 .039000000 .026550000-.0075790009222 2151  586
 465.656800 2.00000000 1.87700E-4 .039000000 1.83400000-.0298700009222 2151  587
 466.041700 3.00000000 .002659000 .039000000 .595100000 .0542600009222 2151  588
 467.034600 2.00000000 .001593000 .039000000-.712600000-.0425200009222 2151  589
 467.351600 3.00000000 .004149000 .039000000-.021580000 .1303000009222 2151  590
 467.728000 3.00000000 1.98200E-4 .039000000-.306400000 .3520000009222 2151  591
 468.910100 3.00000000 .003736000 .039000000-1.20300000-.1091000009222 2151  592
 469.106500 2.00000000 .002681000 .039000000 .198100000 5.66800E-49222 2151  593
 470.338400 3.00000000 .003514000 .039000000 .430300000-.7404000009222 2151  594
 471.812500 2.00000000 .001370000 .039000000 .066560000 .2914000009222 2151  595
 472.202800 3.00000000 .001999000 .039000000-.001012000 .2889000009222 2151  596
 473.459600 3.00000000 2.56200E-4 .039000000 .468800000-.0023850009222 2151  597
 474.653500 2.00000000 .006049000 .039000000-.145700000-.7062000009222 2151  598
 474.830400 3.00000000 .002385000 .039000000 .295400000-1.24500E-49222 2151  599
 475.505300 3.00000000 .003191000 .039000000-.024140000 .2803000009222 2151  600
 475.586400 2.00000000 8.00500E-5 .039000000 .255900000 .0811100009222 2151  601
 476.206000 3.00000000 .001873000 .039000000-.340800000-.0032700009222 2151  602
 477.249400 3.00000000 .001484000 .039000000 .179000000 1.17100E-49222 2151  603
 477.315100 2.00000000 .001400000 .039000000-.002185000 .5372000009222 2151  604
 477.448300 3.00000000 1.22100E-4 .039000000 .013900000 8.86100E-59222 2151  605
 478.057000 3.00000000 .004371000 .039000000 .071210000-.5307000009222 2151  606
 479.283100 3.00000000 .001505000 .039000000-.251600000-.0021460009222 2151  607
 479.464300 3.00000000 4.83600E-5 .039000000-7.92300E-4 .2609000009222 2151  608
 480.724600 2.00000000 .001636000 .039000000-4.51300000 1.153000009222 2151  609
 480.870200 3.00000000 .010490000 .039000000 .526600000 7.36700E-59222 2151  610
 483.091100 3.00000000 .005181000 .039000000-.288300000-.1177000009222 2151  611
 483.218200 3.00000000 .004152000 .039000000-1.12100000-.5991000009222 2151  612
 484.327600 3.00000000 .001494000 .039000000 1.63200E-4 .7782000009222 2151  613
 485.069700 2.00000000 .005063000 .039000000-.951100000 .0403900009222 2151  614
 485.728100 2.00000000 .003661000 .039000000 4.99300E-4-.3813000009222 2151  615
 486.888900 3.00000000 6.16900E-4 .039000000-.113400000 2.77700E-79222 2151  616
 488.745400 2.00000000 6.12200E-5 .039000000-.088280000 .0259500009222 2151  617
 488.956900 2.00000000 .032530000 .039000000-.617200000 .8581000009222 2151  618
 491.115500 3.00000000 6.62300E-4 .039000000 .598400000-.1427000009222 2151  619
 491.730600 2.00000000 3.15100E-5 .039000000-.009384000 .0073140009222 2151  620
 492.771500 3.00000000 .002218000 .039000000-.019330000 .6554000009222 2151  621
 492.913100 3.00000000 4.69500E-4 .039000000 .937200000-.0013880009222 2151  622
 493.098200 2.00000000 .003554000 .039000000-.781700000-.2103000009222 2151  623
 493.845600 3.00000000 4.91700E-4 .039000000 .522200000-.0789500009222 2151  624
 494.749100 2.00000000 .002479000 .039000000 .082090000 1.37500E-49222 2151  625
 494.883500 3.00000000 .005015000 .039000000 .132200000 .0039190009222 2151  626
 495.453200 2.00000000 3.07600E-4 .039000000-5.14800E-4 .3616000009222 2151  627
 496.184700 3.00000000 2.34400E-4 .039000000-1.11100000 .5062000009222 2151  628
 496.926300 2.00000000 .002784000 .039000000 .320100000-.0011510009222 2151  629
 498.850500 3.00000000 .002080000 .039000000-.959000000 .5959000009222 2151  630
 500.997500 2.00000000 .003877000 .039000000-5.53100E-4-1.330000009222 2151  631
 501.735300 2.00000000 .003467000 .039000000 .153200000-.0182300009222 2151  632
 502.453500 3.00000000 .006659000 .039000000-.222000000 .0991800009222 2151  633
 502.736300 3.00000000 .002371000 .039000000 .066070000 5.53500E-59222 2151  634
 503.200000 2.00000000 .004467000 .039000000 .561800000 .0012820009222 2151  635
 503.757600 2.00000000 1.69900E-4 .039000000 .304500000 .5527000009222 2151  636
 504.004900 3.00000000 .001315000 .039000000 .298100000 8.66500E-59222 2151  637
 504.659700 2.00000000 .001549000 .039000000-9.50000E-5-.3346000009222 2151  638
 505.387400 3.00000000 .001633000 .039000000 .509800000-1.61800E-49222 2151  639
 506.345300 2.00000000 .008486000 .039000000 9.06500E-6 .9173000009222 2151  640
 506.935100 3.00000000 .001100000 .039000000-.296500000-.0080400009222 2151  641
 507.779800 3.00000000 .001677000 .039000000 .262800000 .0474500009222 2151  642
 508.095300 2.00000000 1.51900E-5 .039000000 .176900000 7.91100E-49222 2151  643
 508.708400 2.00000000 .004649000 .039000000-.003932000-1.294000009222 2151  644
 509.134600 3.00000000 4.67300E-4 .039000000 .106900000 .2141000009222 2151  645
 510.939400 3.00000000 .002359000 .039000000-.079810000-.1264000009222 2151  646
 511.150900 3.00000000 .002524000 .039000000-.243400000 3.01000E-59222 2151  647
 512.104100 2.00000000 8.37100E-4 .039000000-.205900000-.0134600009222 2151  648
 513.289500 3.00000000 .006609000 .039000000 .085110000-.8458000009222 2151  649
 514.060100 3.00000000 7.06200E-4 .039000000 .182200000 .0033600009222 2151  650
 514.078400 2.00000000 .004813000 .039000000-.309300000 .0307000009222 2151  651
 514.952900 3.00000000 .001105000 .039000000-2.81200E-4-.2970000009222 2151  652
 514.972400 3.00000000 2.05000E-4 .039000000 .011900000-.0077570009222 2151  653
 515.984900 3.00000000 9.98800E-4 .039000000 .718700000 .0642700009222 2151  654
 517.513700 2.00000000 2.11100E-5 .039000000 .171000000-.0292700009222 2151  655
 517.659500 3.00000000 .002294000 .039000000-.059780000 .3735000009222 2151  656
 518.155200 3.00000000 .003255000 .039000000-.192400000 .0096880009222 2151  657
 518.628000 2.00000000 .002878000 .039000000 .149100000 5.92400E-49222 2151  658
 519.058000 3.00000000 .009245000 .039000000-.543500000-.2905000009222 2151  659
 520.556700 3.00000000 .003971000 .039000000 .278700000-.1437000009222 2151  660
 520.856900 2.00000000 8.22500E-4 .039000000 .674400000 .0024580009222 2151  661
 521.670200 3.00000000 .006480000 .039000000-5.34200E-4 .1114000009222 2151  662
 522.191300 2.00000000 .005152000 .039000000 .571500000 .1489000009222 2151  663
 522.545000 3.00000000 6.28600E-4 .039000000 .086990000-.0022760009222 2151  664
 523.609700 3.00000000 .002048000 .039000000 .589400000-.0104500009222 2151  665
 523.906500 2.00000000 .001019000 .039000000-.007752000-.1206000009222 2151  666
 525.056900 3.00000000 .001620000 .039000000-.407400000-.0039390009222 2151  667
 525.801300 2.00000000 .005298000 .039000000 .062820000 .8051000009222 2151  668
 527.185600 3.00000000 .004626000 .039000000-.011360000 .5335000009222 2151  669
 527.781200 3.00000000 .001719000 .039000000 .198900000 .1935000009222 2151  670
 528.137500 2.00000000 5.09900E-4 .039000000-.255100000 .0578500009222 2151  671
 529.201700 3.00000000 .007165000 .039000000 .054880000-.9329000009222 2151  672
 529.223800 3.00000000 9.88700E-5 .039000000 .008956000-.0681800009222 2151  673
 530.368900 3.00000000 .003183000 .039000000-.315800000 .0051870009222 2151  674
 530.437300 3.00000000 6.23900E-4 .039000000-.033210000 .0852300009222 2151  675
 530.599400 3.00000000 .001464000 .039000000-.308500000-.0837700009222 2151  676
 530.748500 2.00000000 1.51000E-4 .039000000 .036610000-.1272000009222 2151  677
 531.824100 3.00000000 .004202000 .039000000 .350700000-.0879600009222 2151  678
 532.140400 3.00000000 9.92800E-4 .039000000-.048650000-.2773000009222 2151  679
 533.267900 2.00000000 3.14200E-4 .039000000-.242800000 .1915000009222 2151  680
 534.809700 3.00000000 .002450000 .039000000 .064450000 .2297000009222 2151  681
 535.631200 2.00000000 .012060000 .039000000 .002019000-1.325000009222 2151  682
 537.061600 3.00000000 .003936000 .039000000-.006580000 .8748000009222 2151  683
 537.806500 2.00000000 .010620000 .039000000 .466000000 .0040610009222 2151  684
 539.499900 2.00000000 .005786000 .039000000-.469900000-.1353000009222 2151  685
 540.566300 3.00000000 2.47700E-4 .039000000 .159100000-.4177000009222 2151  686
 541.118300 2.00000000 .002618000 .039000000 .662500000 .0019100009222 2151  687
 541.416800 3.00000000 .001246000 .039000000-.134400000 .0682300009222 2151  688
 542.315600 2.00000000 3.14900E-4 .039000000-.263100000-.1234000009222 2151  689
 543.018400 3.00000000 5.59200E-4 .039000000 .272800000-.0233100009222 2151  690
 544.585300 3.00000000 9.87600E-4 .039000000 .273000000 .1575000009222 2151  691
 545.724600 2.00000000 .012660000 .039000000-6.26800E-4 .7105000009222 2151  692
 546.506400 2.00000000 .002087000 .039000000 .169200000 4.34300E-49222 2151  693
 546.814500 2.00000000 .013650000 .039000000 .401100000-8.60200E-49222 2151  694
 547.527900 3.00000000 .001527000 .039000000 .119300000 .0240200009222 2151  695
 548.460000 3.00000000 .006917000 .039000000-.061190000 .4238000009222 2151  696
 548.657300 3.00000000 .001381000 .039000000-.040820000 .1450000009222 2151  697
 549.686600 2.00000000 .003152000 .039000000-6.46500E-4-.3759000009222 2151  698
 550.536800 2.00000000 .003385000 .039000000 .733100000 .0051250009222 2151  699
 551.057500 3.00000000 2.35600E-4 .039000000-.046330000 .2025000009222 2151  700
 551.538000 3.00000000 1.55300E-4 .039000000 .075040000-.1579000009222 2151  701
 551.928300 2.00000000 3.32900E-4 .039000000-.050500000-.2845000009222 2151  702
 552.028200 3.00000000 .002532000 .039000000-.121100000-.6873000009222 2151  703
 553.183000 2.00000000 .003265000 .039000000 .050100000 .4607000009222 2151  704
 553.326800 2.00000000 .001213000 .039000000 .003853000-.0504800009222 2151  705
 555.295500 3.00000000 .001078000 .039000000-.859900000 .0122700009222 2151  706
 555.396500 2.00000000 4.11900E-4 .039000000-.002970000 .0249500009222 2151  707
 556.877100 3.00000000 .003546000 .039000000-.025380000 .6318000009222 2151  708
 558.291500 2.00000000 .003210000 .039000000-.782000000-4.88000E-49222 2151  709
 559.478900 2.00000000 .010490000 .039000000-.004004000-.7446000009222 2151  710
 560.047400 2.00000000 2.30400E-4 .039000000 .599200000 .1195000009222 2151  711
 560.552700 3.00000000 .006204000 .039000000 .282900000 .6201000009222 2151  712
 561.321900 3.00000000 .001758000 .039000000 .034510000-.3008000009222 2151  713
 561.352600 3.00000000 1.07000E-4 .039000000 .138900000 .0037400009222 2151  714
 563.472500 3.00000000 2.32400E-4 .039000000 .154000000 .0268000009222 2151  715
 564.698700 3.00000000 .005923000 .039000000-.098110000 .5455000009222 2151  716
 565.249200 2.00000000 .001048000 .039000000 .581700000-.2177000009222 2151  717
 565.423000 3.00000000 .001842000 .039000000 .130200000-.0211300009222 2151  718
 566.369700 3.00000000 .002635000 .039000000-.628300000-.0596700009222 2151  719
 567.367400 3.00000000 .005117000 .039000000-.228200000 .3195000009222 2151  720
 567.597200 2.00000000 .002484000 .039000000 .084170000 .1390000009222 2151  721
 567.964800 3.00000000 .003029000 .039000000-.267600000 .0501600009222 2151  722
 569.041900 2.00000000 .003633000 .039000000-.007045000-.0125100009222 2151  723
 569.097500 2.00000000 .007649000 .039000000-.585800000 .1144000009222 2151  724
 570.438200 3.00000000 .003932000 .039000000 .710200000 .4496000009222 2151  725
 571.995100 2.00000000 .003327000 .039000000 .431200000 .4514000009222 2151  726
 572.493800 2.00000000 .004125000 .039000000 .018840000-.0095960009222 2151  727
 572.883700 3.00000000 .006057000 .039000000-.429200000 5.83200E-49222 2151  728
 573.203200 3.00000000 3.41000E-4 .039000000 .012630000-.0402600009222 2151  729
 573.849200 3.00000000 .009947000 .039000000 .004687000 .4790000009222 2151  730
 574.464000 2.00000000 .002375000 .039000000-.095130000-.0014760009222 2151  731
 575.275500 3.00000000 .001794000 .039000000-.195200000-5.12600E-49222 2151  732
 575.397000 2.00000000 6.17900E-4 .039000000 .005630000 .2588000009222 2151  733
 578.286700 2.00000000 .005341000 .039000000 .642200000-1.407000009222 2151  734
 579.752700 3.00000000 .001965000 .039000000-.476200000-.6562000009222 2151  735
 580.500400 3.00000000 .002834000 .039000000 .234700000-.0099880009222 2151  736
 580.553000 2.00000000 .002385000 .039000000-.640300000-.1432000009222 2151  737
 583.187300 3.00000000 .017990000 .039000000-.607900000 1.106000009222 2151  738
 583.297100 3.00000000 7.68100E-4 .039000000 5.49400E-4-.0248100009222 2151  739
 583.833700 3.00000000 4.45600E-5 .039000000-.253600000 .0272100009222 2151  740
 584.435900 2.00000000 .003846000 .039000000 .646200000 .3606000009222 2151  741
 584.565400 3.00000000 5.51900E-6 .039000000 .009673000 .0255300009222 2151  742
 584.727100 2.00000000 2.10500E-5 .039000000 .402100000-.9150000009222 2151  743
 585.695600 3.00000000 2.09700E-5 .039000000 .061890000-.0384800009222 2151  744
 586.354200 2.00000000 .009056000 .039000000-.159900000 .6340000009222 2151  745
 588.137600 2.00000000 .015000000 .039000000 1.08400000 .0021280009222 2151  746
 588.476400 3.00000000 .004722000 .039000000 .004181000 8.16900E-49222 2151  747
 589.444200 2.00000000 9.87900E-5 .039000000-.594100000-.0015480009222 2151  748
 590.240000 3.00000000 .002555000 .039000000-6.82900E-4-.3380000009222 2151  749
 590.728500 3.00000000 .001740000 .039000000-.437100000 .0044540009222 2151  750
 592.123400 3.00000000 .011800000 .039000000 .159800000-.0015740009222 2151  751
 592.845000 2.00000000 .006293000 .039000000-6.32600E-4-.1550000009222 2151  752
 593.904500 3.00000000 .004255000 .039000000-.417900000 .0044520009222 2151  753
 594.532500 3.00000000 .002032000 .039000000-1.09600000 8.96400E-49222 2151  754
 597.754000 2.00000000 7.12000E-4 .039000000 .730800000 .0048570009222 2151  755
 598.361900 3.00000000 .003304000 .039000000 1.48900000 .0027690009222 2151  756
 598.873000 2.00000000 6.79000E-4 .039000000-.001891000-.1406000009222 2151  757
 598.927500 3.00000000 .001103000 .039000000 2.63100E-5-.0168600009222 2151  758
 599.293200 3.00000000 .002075000 .039000000-.057160000 .0070750009222 2151  759
 600.218300 3.00000000 .003035000 .039000000-.213100000-.2941000009222 2151  760
 601.773600 2.00000000 .002170000 .039000000-.281800000 .0232100009222 2151  761
 602.697600 3.00000000 .002519000 .039000000-.001837000-.6106000009222 2151  762
 603.395000 3.00000000 1.61300E-4 .039000000-.023560000 .0416800009222 2151  763
 604.357700 3.00000000 1.91600E-4 .039000000 .081620000 .0044070009222 2151  764
 605.830500 3.00000000 .008317000 .039000000 .373300000 1.59900E-49222 2151  765
 607.486400 2.00000000 .019640000 .039000000-.187000000 .1180000009222 2151  766
 617.279000 3.00000000 .108600000 .040000000 .340000000-.2040000009222 2151  767
 640.000000 2.00000000 .143900000 .040000000 .253000000 .3520000009222 2151  768
 677.500000 3.00000000 .222700000 .040000000-.334000000 .2480000009222 2151  769
 737.500000 2.00000000 .381100000 .040000000-.312000000-.2150000009222 2151  770
 837.500000 3.00000000 .657000000 .040000000 .285000000 .2300000009222 2151  771
 987.500000 2.00000000 .975800000 .040000000 .282500000-.2420000009222 2151  772
 1175.00000 3.00000000 1.27200000 .040000000-.255000000-.2400000009222 2151  773
 1400.00000 2.00000000 1.90000000 .040000000 .312000000 .2250000009222 2151  774
 1660.00000 3.00000000 2.13400000 .040000000 .260000000 .2370000009222 2151  775
 600.000000 40000.0000          2          2          0          09222 2151  776
 2.50000000 .972447600          1          0          3          09222 2151  777
 231.037700 0.0                 0          0          2          09222 2151  778
 2.00000000 0.0                 2          0        180         299222 2151  779
 0.0        0.0        0.0        1.00000000 0.0        4.000000009222 2151  780
 600.000000 1.21636300 0.0        1.14241E-4 .039010390 .7753047009222 2151  781
 682.500000 1.21616800 0.0       1.422749E-4 .039011810 .7694799009222 2151  782
 765.000000 1.21597400 0.0       1.114042E-4 .039013240 .7558982009222 2151  783
 872.500000 1.21572000 0.0        1.45929E-4 .039015100 .7726353009222 2151  784
 990.000000 1.21544300 0.0       9.862789E-5 .039017140 .7499374009222 2151  785
 1125.00000 1.21512500 0.0        1.21349E-4 .039019470 .7707369009222 2151  786
 1250.00000 1.21483100 0.0       1.038193E-4 .039021640 .7537526009222 2151  787
 1340.00000 1.21461900 0.0       1.437827E-4 .039023200 .7806557009222 2151  788
 1410.00000 1.21445400 0.0       9.887918E-5 .039024410 .7450719009222 2151  789
 1470.00000 1.21431300 0.0       1.290735E-4 .039025450 .7728295009222 2151  790
 1585.00000 1.21404200 0.0       1.100708E-4 .039027440 .7522218009222 2151  791
 1735.00000 1.21368900 0.0       1.157574E-4 .039030040 .7596411009222 2151  792
 1880.00000 1.21334800 0.0       1.272057E-4 .039032550 .7676116009222 2151  793
 2107.50000 1.21281300 0.0       1.125255E-4 .039036490 .7634539009222 2151  794
 2522.50000 1.21183700 0.0       1.234698E-4 .039043670 .7570949009222 2151  795
 3120.00000 1.21043400 0.0        1.13151E-4 .039054020 .7432851009222 2151  796
 4475.00000 1.20725900 0.0       1.147578E-4 .039077500 .7553884009222 2151  797
 6250.00000 1.20311200 0.0        1.14434E-4 .039108270 .7616985009222 2151  798
 7275.00000 1.20072400 0.0       1.211024E-4 .039126040 .7715368009222 2151  799
 7775.00000 1.19956100 0.0       1.004921E-4 .039134720 .7617146009222 2151  800
 8350.00000 1.19822500 0.0       1.220263E-4 .039144690 .7956725009222 2151  801
 9350.00000 1.19590500 0.0        1.14256E-4 .039162040 .7730994009222 2151  802
 11000.0000 1.19208800 0.0       1.139294E-4 .039190680 .7996357009222 2151  803
 13500.0000 1.18632700 0.0       1.144576E-4 .039234100 .7909656009222 2151  804
 17500.0000 1.17717100 0.0       1.146804E-4 .039303640 .7720200009222 2151  805
 22500.0000 1.16582900 0.0       1.202561E-4 .039390680 .7464309009222 2151  806
 27500.0000 1.15460000 0.0       1.148071E-4 .039477850 .7225778009222 2151  807
 32500.0000 1.14348300 0.0       1.127399E-4 .039565140 .7698732009222 2151  808
 40000.0000 1.12701600 0.0        1.20771E-4 .039696310 .7125040009222 2151  809
 3.00000000 0.0                 2          0        180         299222 2151  810
 0.0        0.0        0.0        1.00000000 0.0        2.000000009222 2151  811
 600.000000 .906459900 0.0       8.513482E-5 .039010390 .3174497009222 2151  812
 682.500000 .906314900 0.0       1.060263E-4 .039011810 .3103442009222 2151  813
 765.000000 .906169900 0.0       8.302079E-5 .039013240 .2895968009222 2151  814
 872.500000 .905981100 0.0       1.087494E-4 .039015100 .3144110009222 2151  815
 990.000000 .905774700 0.0       7.349963E-5 .039017140 .2795990009222 2151  816
 1125.00000 .905537600 0.0       9.043186E-5 .039019470 .3114587009222 2151  817
 1250.00000 .905318100 0.0       7.736835E-5 .039021640 .2862260009222 2151  818
 1340.00000 .905160200 0.0        1.07150E-4 .039023200 .3249192009222 2151  819
 1410.00000 .905037300 0.0       7.368689E-5 .039024410 .2713611009222 2151  820
 1470.00000 .904932000 0.0       9.618838E-5 .039025450 .3146259009222 2151  821
 1585.00000 .904730300 0.0       8.202714E-5 .039027440 .2842266009222 2151  822
 1735.00000 .904467200 0.0       8.626494E-5 .039030040 .2957001009222 2151  823
 1880.00000 .904212900 0.0       9.479646E-5 .039032550 .3069960009222 2151  824
 2107.50000 .903814100 0.0       8.385644E-5 .039036490 .3001345009222 2151  825
 2522.50000 .903087200 0.0       9.201235E-5 .039043670 .2929238009222 2151  826
 3120.00000 .902041600 0.0       8.432254E-5 .039054020 .2753486009222 2151  827
 4475.00000 .899675200 0.0       8.551998E-5 .039077500 .2896741009222 2151  828
 6250.00000 .896584900 0.0       8.527868E-5 .039108270 .2988323009222 2151  829
 7275.00000 .894805400 0.0       9.024809E-5 .039126040 .3107643009222 2151  830
 7775.00000 .893938700 0.0       7.488889E-5 .039134720 .2979434009222 2151  831
 8350.00000 .892943100 0.0       9.093662E-5 .039144690 .3382900009222 2151  832
 9350.00000 .891214300 0.0       8.514599E-5 .039162040 .3118331009222 2151  833
 11000.0000 .888369300 0.0       8.490263E-5 .039190680 .3410219009222 2151  834
 13500.0000 .884076700 0.0       8.529628E-5 .039234100 .3305149009222 2151  835
 17500.0000 .877253300 0.0       8.546228E-5 .039303640 .3103645009222 2151  836
 22500.0000 .868800700 0.0       8.961744E-5 .039390680 .2847431009222 2151  837
 27500.0000 .860432700 0.0       8.555674E-5 .039477850 .2562459009222 2151  838
 32500.0000 .852148200 0.0        8.40162E-5 .039565140 .3080317009222 2151  839
 40000.0000 .839876400 0.0       9.000109E-5 .039696310 .2516346009222 2151  840
 231.037700 0.0                 1          0          4          09222 2151  841
 1.00000000 0.0                 2          0        180         299222 2151  842
 0.0        0.0        0.0        1.00000000 0.0        4.000000009222 2151  843
 600.000000 1.97077200 0.0        3.11172E-4 .026006920 .5000028009222 2151  844
 682.500000 1.97045600 0.0       3.102463E-4 .026007880 .5000032009222 2151  845
 765.000000 1.97014100 0.0       3.088682E-4 .026008830 .5000036009222 2151  846
 872.500000 1.96973100 0.0       3.105169E-4 .026010070 .5000040009222 2151  847
 990.000000 1.96928200 0.0       3.077486E-4 .026011420 .5000046009222 2151  848
 1125.00000 1.96876600 0.0        3.09940E-4 .026012980 .5000052009222 2151  849
 1250.00000 1.96828900 0.0       3.071864E-4 .026014430 .5000058009222 2151  850
 1340.00000 1.96794600 0.0       3.111284E-4 .026015460 .5000062009222 2151  851
 1410.00000 1.96767900 0.0        3.06582E-4 .026016270 .5000065009222 2151  852
 1470.00000 1.96745000 0.0       3.100208E-4 .026016960 .5000068009222 2151  853
 1585.00000 1.96701100 0.0       3.073577E-4 .026018290 .5000073009222 2151  854
 1735.00000 1.96643900 0.0       3.078814E-4 .026020020 .5000080009222 2151  855
 1880.00000 1.96588600 0.0       3.097822E-4 .026021700 .5000087009222 2151  856
 2107.50000 1.96501900 0.0       3.107776E-4 .026024320 .5000097009222 2151  857
 2522.50000 1.96343900 0.0       3.079868E-4 .026029120 .5000116009222 2151  858
 3120.00000 1.96116600 0.0       2.940684E-4 .026036020 .5000143009222 2151  859
 4475.00000 1.95602100 0.0        3.12035E-4 .026051670 .5000204009222 2151  860
 6250.00000 1.94930200 0.0       3.010661E-4 .026072180 .5000283009222 2151  861
 7275.00000 1.94543300 0.0       3.100506E-4 .026084030 .5000328009222 2151  862
 7775.00000 1.94354900 0.0       2.971718E-4 .026089810 .5000350009222 2151  863
 8350.00000 1.94138400 0.0       3.121596E-4 .026096460 .5000375009222 2151  864
 9350.00000 1.93762600 0.0       3.100568E-4 .026108030 .5000418009222 2151  865
 11000.0000 1.93144000 0.0        2.95512E-4 .026127120 .5000488009222 2151  866
 13500.0000 1.92210800 0.0       2.893954E-4 .026156070 .5000592009222 2151  867
 17500.0000 1.90727300 0.0       2.861218E-4 .026202430 .5000754009222 2151  868
 22500.0000 1.88889600 0.0       2.530871E-4 .026260460 .5000948009222 2151  869
 27500.0000 1.87070300 0.0       2.776988E-4 .026318570 .5001134009222 2151  870
 32500.0000 1.85269100 0.0        2.98105E-4 .026376760 .5001312009222 2151  871
 40000.0000 1.82601100 0.0       2.575317E-4 .026464210 .5001563009222 2151  872
 2.00000000 0.0                 2          0        180         299222 2151  873
 0.0        0.0        0.0        2.00000000 0.0        4.000000009222 2151  874
 600.000000 1.21636300 0.0       1.920558E-4 .026006920 .5000176009222 2151  875
 682.500000 1.21616800 0.0       1.914844E-4 .026007880 .5000200009222 2151  876
 765.000000 1.21597400 0.0       1.906338E-4 .026008830 .5000224009222 2151  877
 872.500000 1.21572000 0.0       1.916514E-4 .026010070 .5000255009222 2151  878
 990.000000 1.21544300 0.0       1.899429E-4 .026011420 .5000289009222 2151  879
 1125.00000 1.21512500 0.0       1.912954E-4 .026012980 .5000328009222 2151  880
 1250.00000 1.21483100 0.0       1.895958E-4 .026014430 .5000365009222 2151  881
 1340.00000 1.21461900 0.0       1.920289E-4 .026015460 .5000391009222 2151  882
 1410.00000 1.21445400 0.0       1.892228E-4 .026016270 .5000411009222 2151  883
 1470.00000 1.21431300 0.0       1.913452E-4 .026016960 .5000429009222 2151  884
 1585.00000 1.21404200 0.0       1.897016E-4 .026018290 .5000462009222 2151  885
 1735.00000 1.21368900 0.0       1.900248E-4 .026020020 .5000505009222 2151  886
 1880.00000 1.21334800 0.0        1.91198E-4 .026021700 .5000547009222 2151  887
 2107.50000 1.21281300 0.0       1.918124E-4 .026024320 .5000613009222 2151  888
 2522.50000 1.21183700 0.0       1.900899E-4 .026029120 .5000732009222 2151  889
 3120.00000 1.21043400 0.0       1.814994E-4 .026036020 .5000903009222 2151  890
 4475.00000 1.20725900 0.0       1.925884E-4 .026051670 .5001287009222 2151  891
 6250.00000 1.20311200 0.0       1.858184E-4 .026072180 .5001783009222 2151  892
 7275.00000 1.20072400 0.0       1.913637E-4 .026084030 .5002066009222 2151  893
 7775.00000 1.19956100 0.0       1.834149E-4 .026089810 .5002204009222 2151  894
 8350.00000 1.19822500 0.0       1.926653E-4 .026096460 .5002361009222 2151  895
 9350.00000 1.19590500 0.0       1.913675E-4 .026108030 .5002632009222 2151  896
 11000.0000 1.19208800 0.0       1.823904E-4 .026127120 .5003073009222 2151  897
 13500.0000 1.18632700 0.0       1.786152E-4 .026156070 .5003731009222 2151  898
 17500.0000 1.17717100 0.0       1.765947E-4 .026202430 .5004752009222 2151  899
 22500.0000 1.16582900 0.0       1.562057E-4 .026260460 .5005978009222 2151  900
 27500.0000 1.15460000 0.0        1.71396E-4 .026318570 .5007150009222 2151  901
 32500.0000 1.14348300 0.0       1.839908E-4 .026376760 .5008270009222 2151  902
 40000.0000 1.12701600 0.0       1.589489E-4 .026464210 .5009859009222 2151  903
 3.00000000 0.0                 2          0        180         299222 2151  904
 0.0        0.0        0.0        2.00000000 0.0        4.000000009222 2151  905
 600.000000 .906459900 0.0       1.431241E-4 .026006920 .5000049009222 2151  906
 682.500000 .906314900 0.0       1.426983E-4 .026007880 .5000056009222 2151  907
 765.000000 .906169900 0.0       1.420645E-4 .026008830 .5000063009222 2151  908
 872.500000 .905981100 0.0       1.428228E-4 .026010070 .5000072009222 2151  909
 990.000000 .905774700 0.0       1.415495E-4 .026011420 .5000081009222 2151  910
 1125.00000 .905537600 0.0       1.425575E-4 .026012980 .5000092009222 2151  911
 1250.00000 .905318100 0.0       1.412909E-4 .026014430 .5000103009222 2151  912
 1340.00000 .905160200 0.0        1.43104E-4 .026015460 .5000110009222 2151  913
 1410.00000 .905037300 0.0       1.410129E-4 .026016270 .5000116009222 2151  914
 1470.00000 .904932000 0.0       1.425946E-4 .026016960 .5000121009222 2151  915
 1585.00000 .904730300 0.0       1.413697E-4 .026018290 .5000130009222 2151  916
 1735.00000 .904467200 0.0       1.416106E-4 .026020020 .5000142009222 2151  917
 1880.00000 .904212900 0.0       1.424849E-4 .026021700 .5000154009222 2151  918
 2107.50000 .903814100 0.0       1.429427E-4 .026024320 .5000172009222 2151  919
 2522.50000 .903087200 0.0       1.416591E-4 .026029120 .5000206009222 2151  920
 3120.00000 .902041600 0.0       1.352573E-4 .026036020 .5000254009222 2151  921
 4475.00000 .899675200 0.0        1.43521E-4 .026051670 .5000362009222 2151  922
 6250.00000 .896584900 0.0       1.384759E-4 .026072180 .5000502009222 2151  923
 7275.00000 .894805400 0.0       1.426083E-4 .026084030 .5000581009222 2151  924
 7775.00000 .893938700 0.0       1.366847E-4 .026089810 .5000620009222 2151  925
 8350.00000 .892943100 0.0       1.435784E-4 .026096460 .5000664009222 2151  926
 9350.00000 .891214300 0.0       1.426111E-4 .026108030 .5000740009222 2151  927
 11000.0000 .888369300 0.0       1.359212E-4 .026127120 .5000864009222 2151  928
 13500.0000 .884076700 0.0       1.331079E-4 .026156070 .5001049009222 2151  929
 17500.0000 .877253300 0.0       1.316022E-4 .026202430 .5001336009222 2151  930
 22500.0000 .868800700 0.0       1.164078E-4 .026260460 .5001681009222 2151  931
 27500.0000 .860432700 0.0        1.27728E-4 .026318570 .5002010009222 2151  932
 32500.0000 .852148200 0.0       1.371138E-4 .026376760 .5002324009222 2151  933
 40000.0000 .839876400 0.0       1.184521E-4 .026464210 .5002770009222 2151  934
 4.00000000 0.0                 2          0        180         299222 2151  935
 0.0        0.0        0.0        1.00000000 0.0        4.000000009222 2151  936
 600.000000 .746028500 0.0        1.17793E-4 .026006920 .5000361009222 2151  937
 682.500000 .745909100 0.0       1.174426E-4 .026007880 .5000410009222 2151  938
 765.000000 .745789800 0.0       1.169209E-4 .026008830 .5000460009222 2151  939
 872.500000 .745634400 0.0        1.17545E-4 .026010070 .5000524009222 2151  940
 990.000000 .745464500 0.0       1.164971E-4 .026011420 .5000594009222 2151  941
 1125.00000 .745269400 0.0       1.173267E-4 .026012980 .5000675009222 2151  942
 1250.00000 .745088800 0.0       1.162843E-4 .026014430 .5000750009222 2151  943
 1340.00000 .744958700 0.0       1.177765E-4 .026015460 .5000803009222 2151  944
 1410.00000 .744857600 0.0       1.160555E-4 .026016270 .5000845009222 2151  945
 1470.00000 .744771000 0.0       1.173572E-4 .026016960 .5000881009222 2151  946
 1585.00000 .744604900 0.0       1.163491E-4 .026018290 .5000949009222 2151  947
 1735.00000 .744388400 0.0       1.165474E-4 .026020020 .5001038009222 2151  948
 1880.00000 .744179100 0.0       1.172669E-4 .026021700 .5001124009222 2151  949
 2107.50000 .743850900 0.0       1.176437E-4 .026024320 .5001259009222 2151  950
 2522.50000 .743252600 0.0       1.165873E-4 .026029120 .5001504009222 2151  951
 3120.00000 .742392100 0.0       1.113185E-4 .026036020 .5001856009222 2151  952
 4475.00000 .740444500 0.0       1.181197E-4 .026051670 .5002646009222 2151  953
 6250.00000 .737901200 0.0       1.139674E-4 .026072180 .5003667009222 2151  954
 7275.00000 .736436600 0.0       1.173685E-4 .026084030 .5004249009222 2151  955
 7775.00000 .735723300 0.0       1.124933E-4 .026089810 .5004531009222 2151  956
 8350.00000 .734903900 0.0       1.181669E-4 .026096460 .5004854009222 2151  957
 9350.00000 .733481000 0.0       1.173708E-4 .026108030 .5005411009222 2151  958
 11000.0000 .731139600 0.0        1.11865E-4 .026127120 .5006321009222 2151  959
 13500.0000 .727606700 0.0       1.095495E-4 .026156070 .5007673009222 2151  960
 17500.0000 .721990900 0.0       1.083103E-4 .026202430 .5009776009222 2151  961
 22500.0000 .715034300 0.0       9.580516E-5 .026260460 .5012301009222 2151  962
 27500.0000 .708147300 0.0       1.051218E-4 .026318570 .5014717009222 2151  963
 32500.0000 .701329000 0.0       1.128465E-4 .026376760 .5017027009222 2151  964
 40000.0000 .691229100 0.0       9.748759E-5 .026464210 .5020305009222 2151  965
 231.037700 0.0                 2          0          6          09222 2151  966
 0.0        0.0                 2          0        180         299222 2151  967
 0.0        0.0        0.0        1.00000000 0.0        4.000000009222 2151  968
 600.000000 5.82934500 0.0       5.536676E-4 .039010390 .5000000009222 2151  969
 682.500000 5.82841300 0.0       5.535625E-4 .039011810 .5000000009222 2151  970
 765.000000 5.82748000 0.0       5.534574E-4 .039013240 .5000000009222 2151  971
 872.500000 5.82626600 0.0       5.533205E-4 .039015100 .5000000009222 2151  972
 990.000000 5.82493800 0.0        5.53171E-4 .039017140 .5000000009222 2151  973
 1125.00000 5.82341400 0.0       5.529992E-4 .039019470 .5000000009222 2151  974
 1250.00000 5.82200200 0.0       5.528402E-4 .039021640 .5000000009222 2151  975
 1340.00000 5.82098700 0.0       5.527257E-4 .039023200 .5000000009222 2151  976
 1410.00000 5.82019600 0.0       5.526367E-4 .039024410 .5000000009222 2151  977
 1470.00000 5.81951900 0.0       5.525604E-4 .039025450 .5000000009222 2151  978
 1585.00000 5.81822200 0.0       5.524142E-4 .039027440 .5000000009222 2151  979
 1735.00000 5.81653000 0.0       5.522236E-4 .039030040 .5000000009222 2151  980
 1880.00000 5.81489500 0.0       5.520394E-4 .039032550 .5000000009222 2151  981
 2107.50000 5.81233000 0.0       5.517506E-4 .039036490 .5000000009222 2151  982
 2522.50000 5.80765600 0.0       5.512241E-4 .039043670 .5000000009222 2151  983
 3120.00000 5.80093200 0.0       5.503511E-4 .039054020 .5000000009222 2151  984
 4475.00000 5.78571300 0.0       5.488695E-4 .039077500 .5000000009222 2151  985
 6250.00000 5.76584100 0.0       5.464034E-4 .039108270 .5000000009222 2151  986
 7275.00000 5.75439700 0.0       5.453466E-4 .039126040 .5000000009222 2151  987
 7775.00000 5.74882300 0.0        5.44548E-4 .039134720 .5000000009222 2151  988
 8350.00000 5.74242000 0.0       5.440575E-4 .039144690 .5000000009222 2151  989
 9350.00000 5.73130300 0.0       5.429224E-4 .039162040 .5000000009222 2151  990
 11000.0000 5.71300700 0.0       5.402411E-4 .039190680 .5000000009222 2151  991
 13500.0000 5.68540200 0.0       5.367498E-4 .039234100 .5000000009222 2151  992
 17500.0000 5.64152200 0.0        5.31279E-4 .039303640 .5000001009222 2151  993
 22500.0000 5.58716500 0.0       5.213898E-4 .039390680 .5000001009222 2151  994
 27500.0000 5.53335200 0.0       5.187278E-4 .039477850 .5000001009222 2151  995
 32500.0000 5.48007600 0.0       5.157372E-4 .039565140 .5000001009222 2151  996
 40000.0000 5.40115700 0.0       4.969936E-4 .039696310 .5000001009222 2151  997
 1.00000000 0.0                 2          0        180         299222 2151  998
 0.0        0.0        0.0        2.00000000 0.0        4.000000009222 2151  999
 600.000000 1.97077200 0.0       1.871827E-4 .039010390 .5015337009222 2151 1000
 682.500000 1.97045600 0.0       1.871471E-4 .039011810 .5017447009222 2151 1001
 765.000000 1.97014100 0.0       1.871116E-4 .039013240 .5019557009222 2151 1002
 872.500000 1.96973100 0.0       1.870653E-4 .039015100 .5022306009222 2151 1003
 990.000000 1.96928200 0.0       1.870148E-4 .039017140 .5025312009222 2151 1004
 1125.00000 1.96876600 0.0       1.869567E-4 .039019470 .5028766009222 2151 1005
 1250.00000 1.96828900 0.0       1.869029E-4 .039021640 .5031964009222 2151 1006
 1340.00000 1.96794600 0.0       1.868642E-4 .039023200 .5034267009222 2151 1007
 1410.00000 1.96767900 0.0       1.868342E-4 .039024410 .5036059009222 2151 1008
 1470.00000 1.96745000 0.0       1.868084E-4 .039025450 .5037594009222 2151 1009
 1585.00000 1.96701100 0.0       1.867589E-4 .039027440 .5040538009222 2151 1010
 1735.00000 1.96643900 0.0       1.866945E-4 .039030040 .5044378009222 2151 1011
 1880.00000 1.96588600 0.0       1.866322E-4 .039032550 .5048090009222 2151 1012
 2107.50000 1.96501900 0.0       1.865346E-4 .039036490 .5053917009222 2151 1013
 2522.50000 1.96343900 0.0       1.863566E-4 .039043670 .5064548009222 2151 1014
 3120.00000 1.96116600 0.0       1.860614E-4 .039054020 .5079862009222 2151 1015
 4475.00000 1.95602100 0.0       1.855605E-4 .039077500 .5114626009222 2151 1016
 6250.00000 1.94930200 0.0       1.847268E-4 .039108270 .5160232009222 2151 1017
 7275.00000 1.94543300 0.0       1.843695E-4 .039126040 .5186601009222 2151 1018
 7775.00000 1.94354900 0.0       1.840995E-4 .039134720 .5199472009222 2151 1019
 8350.00000 1.94138400 0.0       1.839337E-4 .039144690 .5214280009222 2151 1020
 9350.00000 1.93762600 0.0        1.83550E-4 .039162040 .5240049009222 2151 1021
 11000.0000 1.93144000 0.0       1.826435E-4 .039190680 .5282610009222 2151 1022
 13500.0000 1.92210800 0.0       1.814632E-4 .039234100 .5347186009222 2151 1023
 17500.0000 1.90727300 0.0       1.796136E-4 .039303640 .5450694009222 2151 1024
 22500.0000 1.88889600 0.0       1.762703E-4 .039390680 .5580312009222 2151 1025
 27500.0000 1.87070300 0.0       1.753703E-4 .039477850 .5710064009222 2151 1026
 32500.0000 1.85269100 0.0       1.743592E-4 .039565140 .5839815009222 2151 1027
 40000.0000 1.82601100 0.0       1.680224E-4 .039696310 .6034150009222 2151 1028
 2.00000000 0.0                 2          0        180         299222 2151 1029
 0.0        0.0        0.0        2.00000000 0.0        4.000000009222 2151 1030
 600.000000 1.21636300 0.0       1.155294E-4 .039010390 .7753047009222 2151 1031
 682.500000 1.21616800 0.0       1.155075E-4 .039011810 .7694799009222 2151 1032
 765.000000 1.21597400 0.0       1.154855E-4 .039013240 .7558982009222 2151 1033
 872.500000 1.21572000 0.0        1.15457E-4 .039015100 .7726353009222 2151 1034
 990.000000 1.21544300 0.0       1.154258E-4 .039017140 .7499374009222 2151 1035
 1125.00000 1.21512500 0.0       1.153899E-4 .039019470 .7707369009222 2151 1036
 1250.00000 1.21483100 0.0       1.153568E-4 .039021640 .7537526009222 2151 1037
 1340.00000 1.21461900 0.0       1.153329E-4 .039023200 .7806557009222 2151 1038
 1410.00000 1.21445400 0.0       1.153143E-4 .039024410 .7450719009222 2151 1039
 1470.00000 1.21431300 0.0       1.152984E-4 .039025450 .7728295009222 2151 1040
 1585.00000 1.21404200 0.0       1.152679E-4 .039027440 .7522218009222 2151 1041
 1735.00000 1.21368900 0.0       1.152281E-4 .039030040 .7596411009222 2151 1042
 1880.00000 1.21334800 0.0       1.151897E-4 .039032550 .7676116009222 2151 1043
 2107.50000 1.21281300 0.0       1.151294E-4 .039036490 .7634539009222 2151 1044
 2522.50000 1.21183700 0.0       1.150195E-4 .039043670 .7570949009222 2151 1045
 3120.00000 1.21043400 0.0       1.148374E-4 .039054020 .7432851009222 2151 1046
 4475.00000 1.20725900 0.0       1.145282E-4 .039077500 .7553884009222 2151 1047
 6250.00000 1.20311200 0.0       1.140136E-4 .039108270 .7616985009222 2151 1048
 7275.00000 1.20072400 0.0       1.137931E-4 .039126040 .7715368009222 2151 1049
 7775.00000 1.19956100 0.0       1.136265E-4 .039134720 .7617146009222 2151 1050
 8350.00000 1.19822500 0.0       1.135241E-4 .039144690 .7956725009222 2151 1051
 9350.00000 1.19590500 0.0       1.132873E-4 .039162040 .7730994009222 2151 1052
 11000.0000 1.19208800 0.0       1.127278E-4 .039190680 .7996357009222 2151 1053
 13500.0000 1.18632700 0.0       1.119993E-4 .039234100 .7909656009222 2151 1054
 17500.0000 1.17717100 0.0       1.108577E-4 .039303640 .7720200009222 2151 1055
 22500.0000 1.16582900 0.0       1.087942E-4 .039390680 .7464309009222 2151 1056
 27500.0000 1.15460000 0.0       1.082388E-4 .039477850 .7225778009222 2151 1057
 32500.0000 1.14348300 0.0       1.076147E-4 .039565140 .7698732009222 2151 1058
 40000.0000 1.12701600 0.0       1.037036E-4 .039696310 .7125040009222 2151 1059
 3.00000000 0.0                 2          0        180         299222 2151 1060
 0.0        0.0        0.0        2.00000000 0.0        4.000000009222 2151 1061
 600.000000 .906459900 0.0        8.60950E-5 .039010390 .3174497009222 2151 1062
 682.500000 .906314900 0.0       8.607866E-5 .039011810 .3103442009222 2151 1063
 765.000000 .906169900 0.0       8.606232E-5 .039013240 .2895968009222 2151 1064
 872.500000 .905981100 0.0       8.604104E-5 .039015100 .3144110009222 2151 1065
 990.000000 .905774700 0.0       8.601778E-5 .039017140 .2795990009222 2151 1066
 1125.00000 .905537600 0.0       8.599106E-5 .039019470 .3114587009222 2151 1067
 1250.00000 .905318100 0.0       8.596634E-5 .039021640 .2862260009222 2151 1068
 1340.00000 .905160200 0.0       8.594854E-5 .039023200 .3249192009222 2151 1069
 1410.00000 .905037300 0.0        8.59347E-5 .039024410 .2713611009222 2151 1070
 1470.00000 .904932000 0.0       8.592284E-5 .039025450 .3146259009222 2151 1071
 1585.00000 .904730300 0.0        8.59001E-5 .039027440 .2842266009222 2151 1072
 1735.00000 .904467200 0.0       8.587047E-5 .039030040 .2957001009222 2151 1073
 1880.00000 .904212900 0.0       8.584182E-5 .039032550 .3069960009222 2151 1074
 2107.50000 .903814100 0.0       8.579691E-5 .039036490 .3001345009222 2151 1075
 2522.50000 .903087200 0.0       8.571504E-5 .039043670 .2929238009222 2151 1076
 3120.00000 .902041600 0.0       8.557928E-5 .039054020 .2753486009222 2151 1077
 4475.00000 .899675200 0.0        8.53489E-5 .039077500 .2896741009222 2151 1078
 6250.00000 .896584900 0.0       8.496541E-5 .039108270 .2988323009222 2151 1079
 7275.00000 .894805400 0.0       8.480108E-5 .039126040 .3107643009222 2151 1080
 7775.00000 .893938700 0.0        8.46769E-5 .039134720 .2979434009222 2151 1081
 8350.00000 .892943100 0.0       8.460063E-5 .039144690 .3382900009222 2151 1082
 9350.00000 .891214300 0.0       8.442412E-5 .039162040 .3118331009222 2151 1083
 11000.0000 .888369300 0.0       8.400717E-5 .039190680 .3410219009222 2151 1084
 13500.0000 .884076700 0.0       8.346428E-5 .039234100 .3305149009222 2151 1085
 17500.0000 .877253300 0.0       8.261357E-5 .039303640 .3103645009222 2151 1086
 22500.0000 .868800700 0.0        8.10758E-5 .039390680 .2847431009222 2151 1087
 27500.0000 .860432700 0.0       8.066185E-5 .039477850 .2562459009222 2151 1088
 32500.0000 .852148200 0.0       8.019681E-5 .039565140 .3080317009222 2151 1089
 40000.0000 .839876400 0.0       7.728217E-5 .039696310 .2516346009222 2151 1090
 4.00000000 0.0                 2          0        180         299222 2151 1091
 0.0        0.0        0.0        2.00000000 0.0        4.000000009222 2151 1092
 600.000000 .746028500 0.0       7.085732E-5 .039010390 .5000000009222 2151 1093
 682.500000 .745909100 0.0       7.084387E-5 .039011810 .5000000009222 2151 1094
 765.000000 .745789800 0.0       7.083042E-5 .039013240 .5000000009222 2151 1095
 872.500000 .745634400 0.0       7.081291E-5 .039015100 .5000000009222 2151 1096
 990.000000 .745464500 0.0       7.079376E-5 .039017140 .5000000009222 2151 1097
 1125.00000 .745269400 0.0       7.077178E-5 .039019470 .5000000009222 2151 1098
 1250.00000 .745088800 0.0       7.075143E-5 .039021640 .5000000009222 2151 1099
 1340.00000 .744958700 0.0       7.073678E-5 .039023200 .5000000009222 2151 1100
 1410.00000 .744857600 0.0       7.072539E-5 .039024410 .5000000009222 2151 1101
 1470.00000 .744771000 0.0       7.071563E-5 .039025450 .5000000009222 2151 1102
 1585.00000 .744604900 0.0       7.069692E-5 .039027440 .5000000009222 2151 1103
 1735.00000 .744388400 0.0       7.067252E-5 .039030040 .5000000009222 2151 1104
 1880.00000 .744179100 0.0       7.064895E-5 .039032550 .5000000009222 2151 1105
 2107.50000 .743850900 0.0       7.061198E-5 .039036490 .5000000009222 2151 1106
 2522.50000 .743252600 0.0        7.05446E-5 .039043670 .5000000009222 2151 1107
 3120.00000 .742392100 0.0       7.043287E-5 .039054020 .5000000009222 2151 1108
 4475.00000 .740444500 0.0       7.024326E-5 .039077500 .5000001009222 2151 1109
 6250.00000 .737901200 0.0       6.992765E-5 .039108270 .5000001009222 2151 1110
 7275.00000 .736436600 0.0        6.97924E-5 .039126040 .5000001009222 2151 1111
 7775.00000 .735723300 0.0        6.96902E-5 .039134720 .5000001009222 2151 1112
 8350.00000 .734903900 0.0       6.962743E-5 .039144690 .5000001009222 2151 1113
 9350.00000 .733481000 0.0       6.948216E-5 .039162040 .5000001009222 2151 1114
 11000.0000 .731139600 0.0        6.91390E-5 .039190680 .5000001009222 2151 1115
 13500.0000 .727606700 0.0        6.86922E-5 .039234100 .5000002009222 2151 1116
 17500.0000 .721990900 0.0       6.799205E-5 .039303640 .5000002009222 2151 1117
 22500.0000 .715034300 0.0       6.672643E-5 .039390680 .5000003009222 2151 1118
 27500.0000 .708147300 0.0       6.638575E-5 .039477850 .5000003009222 2151 1119
 32500.0000 .701329000 0.0       6.600301E-5 .039565140 .5000004009222 2151 1120
 40000.0000 .691229100 0.0       6.360422E-5 .039696310 .5000004009222 2151 1121
 5.00000000 0.0                 2          0        180         299222 2151 1122
 0.0        0.0        0.0        1.00000000 0.0        4.000000009222 2151 1123
 600.000000 .655079900 0.0       6.221908E-5 .039010390 .5000439009222 2151 1124
 682.500000 .654975100 0.0       6.220728E-5 .039011810 .5000500009222 2151 1125
 765.000000 .654870400 0.0       6.219547E-5 .039013240 .5000560009222 2151 1126
 872.500000 .654733900 0.0       6.218009E-5 .039015100 .5000638009222 2151 1127
 990.000000 .654584700 0.0       6.216328E-5 .039017140 .5000724009222 2151 1128
 1125.00000 .654413400 0.0       6.214397E-5 .039019470 .5000822009222 2151 1129
 1250.00000 .654254800 0.0        6.21261E-5 .039021640 .5000913009222 2151 1130
 1340.00000 .654140600 0.0       6.211324E-5 .039023200 .5000978009222 2151 1131
 1410.00000 .654051800 0.0       6.210324E-5 .039024410 .5001029009222 2151 1132
 1470.00000 .653975700 0.0       6.209466E-5 .039025450 .5001073009222 2151 1133
 1585.00000 .653829900 0.0       6.207824E-5 .039027440 .5001156009222 2151 1134
 1735.00000 .653639800 0.0       6.205682E-5 .039030040 .5001265009222 2151 1135
 1880.00000 .653456000 0.0       6.203612E-5 .039032550 .5001369009222 2151 1136
 2107.50000 .653167900 0.0       6.200366E-5 .039036490 .5001534009222 2151 1137
 2522.50000 .652642500 0.0       6.194449E-5 .039043670 .5001832009222 2151 1138
 3120.00000 .651886900 0.0       6.184638E-5 .039054020 .5002260009222 2151 1139
 4475.00000 .650176700 0.0       6.167989E-5 .039077500 .5003223009222 2151 1140
 6250.00000 .647943400 0.0       6.140275E-5 .039108270 .5004466009222 2151 1141
 7275.00000 .646657400 0.0       6.128399E-5 .039126040 .5005175009222 2151 1142
 7775.00000 .646031000 0.0       6.119424E-5 .039134720 .5005519009222 2151 1143
 8350.00000 .645311500 0.0       6.113913E-5 .039144690 .5005912009222 2151 1144
 9350.00000 .644062100 0.0       6.101156E-5 .039162040 .5006592009222 2151 1145
 11000.0000 .642006100 0.0       6.071024E-5 .039190680 .5007700009222 2151 1146
 13500.0000 .638903900 0.0        6.03179E-5 .039234100 .5009348009222 2151 1147
 17500.0000 .633972700 0.0       5.970311E-5 .039303640 .5011911009222 2151 1148
 22500.0000 .627864100 0.0       5.859178E-5 .039390680 .5014989009222 2151 1149
 27500.0000 .621816600 0.0       5.829263E-5 .039477850 .5017934009222 2151 1150
 32500.0000 .615829600 0.0       5.795654E-5 .039565140 .5020752009222 2151 1151
 40000.0000 .606960900 0.0       5.585019E-5 .039696310 .5024750009222 2151 1152
                                                                  9222 2  0 1153
                                                                  9222 0  0    0
                                                                     0 0  0    0
                                                                    -1 0  0    0
