                                                                        
      39089        700          2 293.160004  39-Y -89 
 1.00000E-5 .500000000 109.268460 46.2613949 62.9837703
            .500000000 110.716119 46.8660166 63.8266015
 1.04713E-5 .500000000 106.807268 45.2340808 61.5505952
            .500000000 108.221440 45.8243741 62.3741215
 1.09648E-5 .500000000 104.400371 44.2293797 60.1487046
            .500000000 105.782012 44.8060874 60.9534823
 1.14815E-5 .500000000 102.051736 43.2495447 58.7803997
            .500000000 103.401912 43.8129615 59.5670475
 1.20226E-5 .500000000 99.7540055 42.2917622 57.4414056
            .500000000 101.073366 42.8417729 58.2103033
 1.25893E-5 .500000000 97.5121789 41.3565992 56.1346236
            .500000000 98.8012081 41.8938127 56.8860533
 1.31826E-5 .500000000 95.3201570 40.4438818 54.8565100
            .500000000 96.5792739 40.9683099 55.5907163
 1.38038E-5 .500000000 93.1793636 39.5514121 53.6078891
            .500000000 94.4092522 40.0636724 54.3252704
 1.44544E-5 .500000000 91.0885831 38.6811430 52.3880527
            .500000000 92.2898814 39.1815377 53.0889807
 1.51356E-5 .500000000 89.0441293 37.8306025 51.1948573
            .500000000 90.2177029 38.3189949 51.8798366
 1.58489E-5 .500000000 87.0493418 37.0002811 50.0302406
            .500000000 88.1960660 37.4772425 50.6997804
 1.65959E-5 .500000000 85.0979668 36.1900455 48.8905669
            .500000000 86.2184139 36.6555700 49.5450018
 1.73780E-5 .500000000 83.1942846 35.3979123 47.7783209
            .500000000 84.2888661 35.8525528 48.4178907
 1.81970E-5 .500000000 81.3330284 34.6256456 46.6904392
            .500000000 82.4021280 35.0696687 47.3153690
 1.90546E-5 .500000000 79.5155662 33.8710404 45.6277148
            .500000000 80.5597032 34.3043262 46.2383075
 1.99526E-5 .500000000 77.7407171 33.1345184 44.5894587
            .500000000 78.7604546 33.5575650 45.1860428
 2.08930E-5 .500000000 76.0054315 32.4159777 43.5738951
            .500000000 77.0015105 32.8287984 44.1569036
 2.18776E-5 .500000000 74.3127249 31.7136519 42.5826406
            .500000000 75.2856442 32.1167246 43.1525081
 2.29087E-5 .500000000 72.6568439 31.0291021 41.6126173
            .500000000 73.6075621 31.4226702 42.1696289
 2.39883E-5 .500000000 71.0414132 30.3603794 40.6659449
            .500000000 71.9702452 30.7443283 41.2103072
 2.51189E-5 .500000000 69.4632706 29.7078467 39.7400000
            .500000000 70.3697032 30.0826268 40.2718997
 2.63027E-5 .500000000 67.9207442 29.0714273 38.8354813
            .500000000 68.8062511 29.4370454 39.3551923
 2.75423E-5 .500000000 66.4159787 28.4495431 37.9517796
            .500000000 67.2809644 28.8064254 38.4595476
 2.88403E-5 .500000000 64.9443440 27.8435786 37.0874033
            .500000000 65.7892609 28.1919448 37.5836142
 3.01995E-5 .500000000 63.5088103 27.2518211 36.2437074
            .500000000 64.3341786 27.5915574 36.7287361
 3.16228E-5 .500000000 62.1066150 26.6745681 35.4180832
            .500000000 62.9119743 27.0060831 35.8921607
 3.31131E-5 .500000000 60.7362458 26.1117624 34.6123364
            .500000000 61.5228942 26.4350678 35.0756582
 3.46737E-5 .500000000 59.3996213 25.5620152 33.8242177
            .500000000 60.1679344 25.8774697 34.2769315
 3.63078E-5 .500000000 58.0926149 25.0265572 33.0543633
            .500000000 58.8429874 25.3344363 33.4967026
 3.80189E-5 .500000000 56.8178729 24.5040109 32.3021993
            .500000000 57.5507705 24.8039506 32.7343784
 3.98107E-5 .500000000 55.5729409 23.9940773 31.5665083
            .500000000 56.2879475 24.2867505 31.9888328
 4.16869E-5 .500000000 54.3564573 23.4974008 30.8483979
            .500000000 55.0547403 23.7828293 31.2612200
 4.36516E-5 .500000000 53.1701524 23.0124929 30.1456783
            .500000000 53.8520377 23.2907655 30.5491697
 4.57088E-5 .500000000 52.0103442 22.5400644 29.4598790
            .500000000 52.6761843 22.8115289 29.8542229
 4.78630E-5 .500000000 50.8793789 22.0797307 28.7890696
            .500000000 51.5295836 22.3441039 29.1743942
 5.01187E-5 .500000000 49.7750907 21.6303513 28.1338273
            .500000000 50.4092959 21.8881624 28.5103196
 5.24807E-5 .500000000 48.6962488 21.1929752 27.4936243
            .500000000 49.3154928 21.4444027 27.8614680
 5.49541E-5 .500000000 47.6444021 20.7666125 26.8674569
            .500000000 48.2489761 21.0113225 27.2269090
 5.75440E-5 .500000000 46.6162794 20.3507926 26.2562418
            .500000000 47.2064891 20.5893733 26.6076077
 6.02560E-5 .500000000 45.6139524 19.9462481 25.6581296
            .500000000 46.1901740 20.1786934 26.0015571
 6.30957E-5 .500000000 44.6355117 19.5517403 25.0744226
            .500000000 45.1974124 19.7780495 25.4100636
 6.60693E-5 .500000000 43.6798467 19.1674341 24.5034598
            .500000000 44.2283545 19.3880703 24.8314342
 6.91831E-5 .500000000 42.7483436 18.7935734 23.9457673
            .500000000 43.2837215 19.0083684 24.2662213
 7.24436E-5 .500000000 41.8380910 18.4290882 23.4008605
            .500000000 42.3606059 18.6381570 23.7139505
 7.58578E-5 .500000000 40.9509258 18.0743588 22.8679095
            .500000000 41.4609107 18.2780924 23.1738592
 7.94328E-5 .500000000 40.0851537 17.7293614 22.3476811
            .500000000 40.5823222 17.9275128 22.6467432
 8.31764E-5 .500000000 39.2398064 17.3931069 21.8386011
            .500000000 39.7249463 17.5859525 22.1309120
 8.70964E-5 .500000000 38.4161235 17.0661671 21.3417904
            .500000000 38.8895835 17.2539770 21.6274702
 9.12011E-5 .500000000 37.6115787 16.7483046 20.8558137
            .500000000 38.0733559 16.9308318 21.1349755
 9.54993E-5 .500000000 36.8272741 16.4386702 20.3811474
            .500000000 37.2779638 16.6161846 20.6539095
 1.00000E-4 .500000000 36.0626908 16.1376711 19.9173570
            .500000000 36.5018813 16.3105408 20.1838414
 1.04713E-4 .500000000 35.3158865 15.8452900 19.4637402
            .500000000 35.7444074 16.0132124 19.7241512
 1.09648E-4 .500000000 34.5885775 15.5607475 19.0209582
            .500000000 35.0067303 15.7238484 19.2754970
 1.14815E-4 .500000000 33.8791796 15.2841619 18.5876629
            .500000000 34.2864231 15.4429244 18.8364541
 1.20226E-4 .500000000 33.1867979 15.0157083 18.1648054
            .500000000 33.5841069 15.1699602 18.4079574
 1.25893E-4 .500000000 32.5126374 14.7548419 17.7511733
            .500000000 32.9001244 14.9043656 17.9887704
 1.31826E-4 .500000000 31.8546906 14.5011125 17.3471680
            .500000000 32.2322824 14.6465373 17.5793229
 1.38038E-4 .500000000 31.2135223 14.2551136 16.9524161
            .500000000 31.5818075 14.3964881 17.1792243
 1.44544E-4 .500000000 30.5891076 14.0164247 16.5663349
            .500000000 30.9477327 14.1533671 16.7879674
 1.51356E-4 .500000000 29.9795159 13.7844801 16.1894555
            .500000000 30.3292308 13.9173087 16.4061025
 1.58489E-4 .500000000 29.3860548 13.5593963 15.8206603
            .500000000 29.7271839 13.6885442 16.0324114
 1.65959E-4 .500000000 28.8080247 13.3414031 15.4607544
            .500000000 29.1399575 13.4666498 15.6677079
 1.73780E-4 .500000000 28.2439204 13.1300386 15.1086832
            .500000000 28.5675065 13.2511695 15.3109214
 1.81970E-4 .500000000 27.6950198 12.9248450 14.7648294
            .500000000 28.0105668 13.0422956 14.9624309
 1.90546E-4 .500000000 27.1604368 12.7260361 14.4288355
            .500000000 27.4673302 12.8401356 14.6218869
 1.99526E-4 .500000000 26.6389147 12.5336901 14.1002260
            .500000000 26.9380507 12.6442504 14.2888755
 2.08930E-4 .500000000 26.1317131 12.3474772 13.7794555
            .500000000 26.4232660 12.4542159 13.9638507
 2.18776E-4 .500000000 25.6378133 12.1670803 13.4655619
            .500000000 25.9212720 12.2702339 13.6457881
 2.29087E-4 .500000000 25.1560977 11.9922446 13.1592309
            .500000000 25.4323539 12.0923665 13.3353764
 2.39883E-4 .500000000 24.6876716 11.8233139 12.8595698
            .500000000 24.9569762 11.9204139 13.0316970
 2.51189E-4 .500000000 24.2318305 11.6601104 12.5669038
            .500000000 24.4935130 11.7538964 12.7350866
 2.63027E-4 .500000000 23.7873716 11.5023697 12.2809223
            .500000000 24.0422390 11.5927302 12.4452347
 2.75423E-4 .500000000 23.3552217 11.3498797 12.0012350
            .500000000 23.6035911 11.4369855 12.1617976
 2.88403E-4 .500000000 22.9349190 11.2023569 11.7282107
            .500000000 23.1763034 11.2866584 11.8851579
 3.01995E-4 .500000000 22.5254083 11.0599385 11.4610414
            .500000000 22.7601466 11.1416594 11.6144420
 3.16228E-4 .500000000 22.1268498 10.9225971 11.2003139
            .500000000 22.3556559 11.0016065 11.3502398
 3.31131E-4 .500000000 21.7395702 10.7901855 10.9452589
            .500000000 21.9621673 10.8663480 11.0917623
 3.46737E-4 .500000000 21.3627901 10.6625445 10.6961633
            .500000000 21.5787967 10.7357686 10.8393117
 3.63078E-4 .500000000 20.9956388 10.5394706 10.4527504
            .500000000 21.2061130 10.6098741 10.5926020
 3.80189E-4 .500000000 20.6389607 10.4208780 10.2147001
            .500000000 20.8440551 10.4885321 10.3513604
 3.98107E-4 .500000000 20.2923428 10.3066105 9.98231797
            .500000000 20.4914090 10.3716842 10.1159003
 4.16869E-4 .500000000 19.9550532 10.1965223 9.75491983
            .500000000 20.1482789 10.2591951 9.88548358
 4.36516E-4 .500000000 19.6266274 10.0905784 9.53300594
            .500000000 19.8149632 10.1509537 9.66061162
 4.57088E-4 .500000000 19.3077156 9.98865136 9.31591462
            .500000000 19.4911446 10.0468299 9.44061052
 4.78630E-4 .500000000 18.9979291 9.89064746 9.10390218
            .500000000 19.1757925 9.94668844 9.22574287
 5.01187E-4 .500000000 18.6965228 9.79642919 8.89672132
            .500000000 18.8691333 9.85038554 9.01575654
 5.24807E-4 .500000000 18.4031006 9.70594530 8.69410908
            .500000000 18.5712522 9.75784948 8.81042759
 5.49541E-4 .500000000 18.1181708 9.61907272 8.49632079
            .500000000 18.2820247 9.66892524 8.61001541
 5.75440E-4 .500000000 17.8414862 9.53570169 8.30277569
            .500000000 18.0005993 9.58350858 8.41389593
 6.02560E-4 .500000000 17.5725789 9.45572495 8.11389382
            .500000000 17.7267704 9.50148898 8.22250308
 6.30957E-4 .500000000 17.3110503 9.37901608 7.92911328
            .500000000 17.4607024 9.42276242 8.03525369
 6.60693E-4 .500000000 17.0565175 9.30544945 7.74866518
            .500000000 17.2023909 9.34724531 7.85237218
 6.91831E-4 .500000000 16.8093746 9.23493041 7.57232648
            .500000000 16.9515519 9.27485714 7.67363899
 7.24436E-4 .500000000 16.5694186 9.16726666 7.39987777
            .500000000 16.7075518 9.20551027 7.49887642
 7.58578E-4 .500000000 16.3363019 9.10237621 7.23152855
            .500000000 16.4701766 9.13913385 7.32829916
 7.94328E-4 .500000000 16.1097506 9.04019146 7.06679467
            .500000000 16.2394585 9.07561603 7.16137439
 8.31764E-4 .500000000 15.8893778 8.98061892 6.90603138
            .500000000 16.0153619 9.01485848 6.99847231
 8.70964E-4 .500000000 15.6750596 8.92366501 6.74875554
            .500000000 15.7977618 8.95668979 6.83909571
 9.12011E-4 .500000000 15.4667412 8.86941640 6.59517022
            .500000000 15.5864350 8.90083313 6.68344082
 9.54993E-4 .500000000 15.2644483 8.81766175 6.44508041
            .500000000 15.3809861 8.84714936 6.53131165
 .001000000 .500000000 15.0679536 8.76787869 6.29830344
            .500000000 15.1812014 8.79586549 6.38256568
 .001047129 .500000000 14.8770469 8.71999933 6.15501497
            .500000000 14.9868866 8.74717727 6.23737899
 .001096478 .500000000 14.6914731 8.67425177 6.01480475
            .500000000 14.7980335 8.70075276 6.09530133
 .001148154 .500000000 14.5111169 8.63101211 5.87797112
            .500000000 14.6144320 8.65609516 5.95665102
 .001202264 .500000000 14.3357263 8.58970054 5.74410670
            .500000000 14.4360161 8.61299193 5.82099742
 .001258925 .500000000 14.1652388 8.54965745 5.61338612
            .500000000 14.2625908 8.57223247 5.68851479
 .001318257 .500000000 13.9994148 8.51140250 5.48563473
            .500000000 14.0940406 8.53362760 5.55903203
 .001380384 .500000000 13.8382155 8.47557129 5.36070916
            .500000000 13.9302019 8.49627734 5.43242863
 .001445440 .500000000 13.6814157 8.44090759 5.23875061
            .500000000 13.7709216 8.46026225 5.30885293
 .001513561 .500000000 13.5289839 8.40733134 5.11940856
            .500000000 13.6160723 8.42667317 5.18792805
 .001584893 .500000000 13.4231277 8.38518332 5.03643101
            .500000000 13.4231277 8.38518332 5.03643101
 .001659587 .500000000 13.2778027 8.35433196 4.92173101
            .500000000 13.2778027 8.35433196 4.92173101
 .001737801 .500000000 13.1364952 8.32509187 4.80972097
            .500000000 13.1364952 8.32509187 4.80972097
 .001819701 .500000000 12.9990501 8.29737097 4.70024826
            .500000000 12.9990501 8.29737097 4.70024826
 .001905461 .500000000 12.8653190 8.27039018 4.59320588
            .500000000 12.8653190 8.27039018 4.59320588
 .001995262 .500000000 12.7352514 8.24515810 4.48871305
            .500000000 12.7352514 8.24515810 4.48871305
 .002089296 .500000000 12.6087050 8.22068426 4.38646240
            .500000000 12.6087050 8.22068426 4.38646240
 .002187762 .500000000 12.4855526 8.19740390 4.28667725
            .500000000 12.4855526 8.19740390 4.28667725
 .002290868 .500000000 12.3657390 8.17539740 4.18905028
            .500000000 12.3657390 8.17539740 4.18905028
 .002398833 .500000000 12.2491432 8.15391403 4.09371510
            .500000000 12.2491432 8.15391403 4.09371510
 .002511886 .500000000 12.1356597 8.13400944 4.00053705
            .500000000 12.1356597 8.13400944 4.00053705
 .002630268 .500000000 12.0252196 8.11430337 3.90942961
            .500000000 12.0252196 8.11430337 3.90942961
 .002754229 .500000000 11.9177315 8.09622754 3.82049073
            .500000000 11.9177315 8.09622754 3.82049073
 .002884032 .500000000 11.8131100 8.07819247 3.73346082
            .500000000 11.8131100 8.07819247 3.73346082
 .003019952 .500000000 11.7112781 8.06175598 3.64852961
            .500000000 11.7112781 8.06175598 3.64852961
 .003162278 .500000000 11.6121628 8.04526147 3.56543429
            .500000000 11.6121628 8.04526147 3.56543429
 .003311311 .500000000 11.5156744 8.03030958 3.48429135
            .500000000 11.5156744 8.03030958 3.48429135
 .003467369 .500000000 11.4216105 8.01525974 3.40498240
            .500000000 11.4216105 8.01525974 3.40498240
 .003630781 .500000000 11.3299871 8.00157237 3.32743759
            .500000000 11.3299871 8.00157237 3.32743759
 .003801894 .500000000 11.2408016 7.98800280 3.25173728
            .500000000 11.2408016 7.98800280 3.25173728
 .003981072 .500000000 11.1539743 7.97524958 3.17766227
            .500000000 11.1539743 7.97524958 3.17766227
 .004168694 .500000000 11.0694502 7.96323006 3.10537375
            .500000000 11.0694502 7.96323006 3.10537375
 .004365158 .500000000 10.9871793 7.95119440 3.03464700
            .500000000 10.9871793 7.95119440 3.03464700
 .004570882 .500000000 10.9069525 7.94051869 2.96558358
            .500000000 10.9069525 7.94051869 2.96558358
 .004786301 .500000000 10.8286730 7.92952476 2.89807951
            .500000000 10.8286730 7.92952476 2.89807951
 .005011872 .500000000 10.7524714 7.91952792 2.83207857
            .500000000 10.7524714 7.91952792 2.83207857
 .005248075 .500000000 10.6783111 7.91001841 2.76764672
            .500000000 10.6783111 7.91001841 2.76764672
 .005495409 .500000000 10.6061791 7.90030379 2.70459892
            .500000000 10.6061791 7.90030379 2.70459892
 .005754399 .500000000 10.5357541 7.89188182 2.64307228
            .500000000 10.5357541 7.89188182 2.64307228
 .006025596 .500000000 10.4669621 7.88341000 2.58287474
            .500000000 10.4669621 7.88341000 2.58287474
 .006309573 .500000000 10.4000570 7.87494926 2.52409497
            .500000000 10.4000570 7.87494926 2.52409497
 .006606934 .500000000 10.3350106 7.86770489 2.46664203
            .500000000 10.3350106 7.86770489 2.46664203
 .006918310 .500000000 10.2715778 7.86028292 2.41047106
            .500000000 10.2715778 7.86028292 2.41047106
 .007244360 .500000000 10.2094768 7.85285340 2.35563636
            .500000000 10.2094768 7.85285340 2.35563636
 .007585776 .500000000 10.1491053 7.84658810 2.30198207
            .500000000 10.1491053 7.84658810 2.30198207
 .007943282 .500000000 10.0904804 7.84020664 2.24962504
            .500000000 10.0904804 7.84020664 2.24962504
 .008317638 .500000000 10.0330854 7.83362702 2.19840132
            .500000000 10.0330854 7.83362702 2.19840132
 .008709636 .500000000 9.97700152 7.82809557 2.14838828
            .500000000 9.97700152 7.82809557 2.14838828
 .009120108 .500000000 9.92259159 7.82272858 2.09950627
            .500000000 9.92259159 7.82272858 2.09950627
 .009549926 .500000000 9.86961546 7.81710865 2.05171925
            .500000000 9.86961546 7.81710865 2.05171925
 .010000000 .500000000 9.81753491 7.81180113 2.00507118
            .500000000 9.81753491 7.81180113 2.00507118
 .010471285 .500000000 9.76702750 7.80737577 1.95942994
            .500000000 9.76702750 7.80737577 1.95942994
 .010964782 .500000000 9.71799270 7.80277084 1.91489382
            .500000000 9.71799270 7.80277084 1.91489382
 .011481536 .500000000 9.66967600 7.79794889 1.87132178
            .500000000 9.66967600 7.79794889 1.87132178
 .012022644 .500000000 9.62283598 7.79368806 1.82877987
            .500000000 9.62283598 7.79368806 1.82877987
 .012589254 .500000000 9.57739752 7.79002882 1.78719719
            .500000000 9.57739752 7.79002882 1.78719719
 .013182567 .500000000 9.53274087 7.78619713 1.74654374
            .500000000 9.53274087 7.78619713 1.74654374
 .013803843 .500000000 9.48918883 7.78218485 1.70685365
            .500000000 9.48918883 7.78218485 1.70685365
 .014454398 .500000000 9.44700648 7.77845845 1.66801399
            .500000000 9.44700648 7.77845845 1.66801399
 .015135612 .500000000 9.40560687 7.77550092 1.63010595
            .500000000 9.40560687 7.77550092 1.63010595
 .015848932 .500000000 9.36543671 7.77242918 1.59300753
            .500000000 9.36543671 7.77242918 1.59300753
 .016595869 .500000000 9.32598699 7.76921267 1.55677432
            .500000000 9.32598699 7.76921267 1.55677432
 .017378008 .500000000 9.28739164 7.76586494 1.52134395
            .500000000 9.28739164 7.76586494 1.52134395
 .018197009 .500000000 9.25026336 7.76319475 1.48669343
            .500000000 9.25026336 7.76319475 1.48669343
 .019054607 .500000000 9.21369318 7.76084059 1.45285259
            .500000000 9.21369318 7.76084059 1.45285259
 .019952623 .500000000 9.17810584 7.75837548 1.41973036
            .500000000 9.17810584 7.75837548 1.41973036
 .020892961 .500000000 9.14319509 7.75579419 1.38740090
            .500000000 9.14319509 7.75579419 1.38740090
 .021877616 .500000000 9.10903808 7.75309126 1.35576565
            .500000000 9.10903808 7.75309126 1.35576565
 .022908677 .500000000 9.07613445 7.75067335 1.32487899
            .500000000 9.07613445 7.75067335 1.32487899
 .023988329 .500000000 9.04338039 7.74855472 1.29469129
            .500000000 9.04338039 7.74855472 1.29469129
 .025118864 .500000000 9.01202996 7.74659378 1.26517790
            .500000000 9.01202996 7.74659378 1.26517790
 .026302680 .500000000 8.98139566 7.74500043 1.23639523
            .500000000 8.98139566 7.74500043 1.23639523
 .027542287 .500000000 8.95158055 7.74334075 1.20823979
            .500000000 8.95158055 7.74334075 1.20823979
 .028840315 .500000000 8.92236340 7.74160285 1.18076055
            .500000000 8.92236340 7.74160285 1.18076055
 .030199517 .500000000 8.89370448 7.73978305 1.15390639
            .500000000 8.89370448 7.73978305 1.15390639
 .031622777 .500000000 8.86552997 7.73787748 1.12765249
            .500000000 8.86552997 7.73787748 1.12765249
 .033113112 .500000000 8.83866701 7.73607850 1.10201308
            .500000000 8.83866701 7.73607850 1.10201308
 .034673685 .500000000 8.81179847 7.73488689 1.07691158
            .500000000 8.81179847 7.73488689 1.07691158
 .036307805 .500000000 8.78616633 7.73369899 1.05239971
            .500000000 8.78616633 7.73369899 1.05239971
 .038018940 .500000000 8.76085777 7.73245510 1.02840267
            .500000000 8.76085777 7.73245510 1.02840267
 .039810717 .500000000 8.73611564 7.73115260 1.00496305
            .500000000 8.73611564 7.73115260 1.00496305
 .041686938 .500000000 8.71183436 7.72978870 .982045662
            .500000000 8.71183436 7.72978870 .982045662
 .043651583 .500000000 8.68832290 7.72836053 .959640377
            .500000000 8.68832290 7.72836053 .959640377
 .045708819 .500000000 8.66491852 7.72693353 .937767494
            .500000000 8.66491852 7.72693353 .937767494
 .047863009 .500000000 8.64280382 7.72603502 .916368324
            .500000000 8.64280382 7.72603502 .916368324
 .050118723 .500000000 8.62072361 7.72523278 .895490825
            .500000000 8.62072361 7.72523278 .895490825
 .052480746 .500000000 8.59946452 7.72439273 .875071797
            .500000000 8.59946452 7.72439273 .875071797
 .054954087 .500000000 8.57866252 7.72351308 .855149439
            .500000000 8.57866252 7.72351308 .855149439
 .057543994 .500000000 8.55828374 7.72259199 .835691754
            .500000000 8.55828374 7.72259199 .835691754
 .060255959 .500000000 8.53831266 7.72162748 .816685180
            .500000000 8.53831266 7.72162748 .816685180
 .063095734 .500000000 8.51875176 7.72061751 .798134247
            .500000000 8.51875176 7.72061751 .798134247
 .066069345 .500000000 8.50000875 7.71955995 .779970750
            .500000000 8.50000875 7.71955995 .779970750
 .069183097 .500000000 8.48102648 7.71863126 .762221804
            .500000000 8.48102648 7.71863126 .762221804
 .072443596 .500000000 8.46337712 7.71811493 .744837897
            .500000000 8.46337712 7.71811493 .744837897
 .075857758 .500000000 8.44544143 7.71759657 .727844856
            .500000000 8.44544143 7.71759657 .727844856
 .079432823 .500000000 8.42829127 7.71705379 .711237478
            .500000000 8.42829127 7.71705379 .711237478
 .083176377 .500000000 8.41147991 7.71648543 .694994479
            .500000000 8.41147991 7.71648543 .694994479
 .087096359 .500000000 8.39503275 7.71589028 .679142473
            .500000000 8.39503275 7.71589028 .679142473
 .091201084 .500000000 8.37889869 7.71526708 .663631604
            .500000000 8.37889869 7.71526708 .663631604
 .095499259 .500000000 8.36310975 7.71461451 .648495242
            .500000000 8.36310975 7.71461451 .648495242
 .100000000 .500000000 8.34773884 7.71393119 .633690631
            .500000000 8.34773884 7.71393119 .633690631
 .104712855 .500000000 8.33257983 7.71321566 .619231799
            .500000000 8.33257983 7.71321566 .619231799
 .109647820 .500000000 8.31778006 7.71246642 .605111883
            .500000000 8.31778006 7.71246642 .605111883
 .114815362 .500000000 8.30386631 7.71188490 .591317642
            .500000000 8.30386631 7.71188490 .591317642
 .120226443 .500000000 8.28946277 7.71158189 .577880874
            .500000000 8.28946277 7.71158189 .577880874
 .125892541 .500000000 8.27621899 7.71126749 .564745713
            .500000000 8.27621899 7.71126749 .564745713
 .131825674 .500000000 8.26293994 7.71093828 .551910087
            .500000000 8.26293994 7.71093828 .551910087
 .138038426 .500000000 8.24991853 7.71059355 .539324979
            .500000000 8.24991853 7.71059355 .539324979
 .144543977 .500000000 8.23723595 7.71023257 .527003384
            .500000000 8.23723595 7.71023257 .527003384
 .151356125 .500000000 8.22482006 7.70985458 .514965482
            .500000000 8.22482006 7.70985458 .514965482
 .158489319 .500000000 8.21264655 7.70945877 .503187778
            .500000000 8.21264655 7.70945877 .503187778
 .165958691 .500000000 8.20073961 7.70904432 .491695296
            .500000000 8.20073961 7.70904432 .491695296
 .173780083 .500000000 8.18906091 7.70861033 .480450585
            .500000000 8.18906091 7.70861033 .480450585
 .181970086 .500000000 8.17763039 7.70815588 .469474505
            .500000000 8.17763039 7.70815588 .469474505
 .190546072 .500000000 8.16665523 7.70768002 .458742966
            .500000000 8.16665523 7.70768002 .458742966
 .199526231 .500000000 8.15543667 7.70718173 .448254935
            .500000000 8.15543667 7.70718173 .448254935
 .208929613 .500000000 8.14491473 7.70665996 .438013502
            .500000000 8.14491473 7.70665996 .438013502
 .218776162 .500000000 8.13484334 7.70614289 .427994653
            .500000000 8.13484334 7.70614289 .427994653
 .229086765 .500000000 8.12430620 7.70587261 .418223634
            .500000000 8.12430620 7.70587261 .418223634
 .239883292 .500000000 8.11454452 7.70565583 .408687880
            .500000000 8.11454452 7.70565583 .408687880
 .251188643 .500000000 8.10523865 7.70542882 .399412784
            .500000000 8.10523865 7.70542882 .399412784
 .263026799 .500000000 8.09551265 7.70519112 .390321532
            .500000000 8.09551265 7.70519112 .390321532
 .275422870 .500000000 8.08633288 7.70494221 .381390674
            .500000000 8.08633288 7.70494221 .381390674
 .288403150 .500000000 8.07746751 7.70468157 .372660817
            .500000000 8.07746751 7.70468157 .372660817
 .301995172 .500000000 8.06852528 7.70440865 .364116623
            .500000000 8.06852528 7.70440865 .364116623
 .316227766 .500000000 8.05990260 7.70412287 .355779733
            .500000000 8.05990260 7.70412287 .355779733
 .331131121 .500000000 8.05144650 7.70382362 .347622883
            .500000000 8.05144650 7.70382362 .347622883
 .346736850 .500000000 8.04316908 7.70351027 .339658810
            .500000000 8.04316908 7.70351027 .339658810
 .363078055 .500000000 8.03505631 7.70318214 .331874166
            .500000000 8.03505631 7.70318214 .331874166
 .380189396 .500000000 8.02710189 7.70283856 .324263330
            .500000000 8.02710189 7.70283856 .324263330
 .398107171 .500000000 8.01932385 7.70247878 .316832929
            .500000000 8.01932385 7.70247878 .316832929
 .416869383 .500000000 8.01166416 7.70210205 .309562115
            .500000000 8.01166416 7.70210205 .309562115
 .436515832 .500000000 8.00417564 7.70170756 .302468088
            .500000000 8.00417564 7.70170756 .302468088
 .457088190 .500000000 7.99692034 7.70129447 .295544078
            .500000000 7.99692034 7.70129447 .295544078
 .478630092 .500000000 7.98983896 7.70086193 .288836595
            .500000000 7.98983896 7.70086193 .288836595
 .501187234 .500000000 7.98265826 7.70040899 .282249266
            .500000000 7.98265826 7.70040899 .282249266
 .524807460 .500000000 7.97572629 7.69993471 .275744081
            .500000000 7.97572629 7.69993471 .275744081
 .549540874 .500000000 7.96933469 7.69943808 .269414423
            .500000000 7.96933469 7.69943808 .269414423
 .575439937 .500000000 7.96264186 7.69891804 .263203363
            .500000000 7.96264186 7.69891804 .263203363
 .602559586 .500000000 7.95572280 7.69840666 .257153105
            .500000000 7.95572280 7.69840666 .257153105
 .630957344 .500000000 7.94967646 7.69803839 .251228480
            .500000000 7.94967646 7.69803839 .251228480
 .660693448 .500000000 7.94372387 7.69767588 .245441623
            .500000000 7.94372387 7.69767588 .245441623
 .691830971 .500000000 7.93749075 7.69729628 .239789796
            .500000000 7.93749075 7.69729628 .239789796
 .724435960 .500000000 7.93115671 7.69689880 .234257908
            .500000000 7.93115671 7.69689880 .234257908
 .758577575 .500000000 7.92550275 7.69648258 .228860974
            .500000000 7.92550275 7.69648258 .228860974
 .794328235 .500000000 7.92000076 7.69604675 .223578096
            .500000000 7.92000076 7.69604675 .223578096
 .831763771 .500000000 7.91423947 7.69559037 .218420137
            .500000000 7.91423947 7.69559037 .218420137
 .870963590 .500000000 7.90848832 7.69511249 .213375828
            .500000000 7.90848832 7.69511249 .213375828
 .912010839 .500000000 7.90308925 7.69461208 .208477168
            .500000000 7.90308925 7.69461208 .208477168
 .954992586 .500000000 7.89795561 7.69408810 .203738633
            .500000000 7.89795561 7.69408810 .203738633
 1.00000000 .500000000 7.89270991 7.69353941 .199002292
            .500000000 7.89270991 7.69353941 .199002292
 1.04712855 .500000000 7.88736128 7.69296487 .194396408
            .500000000 7.88736128 7.69296487 .194396408
 1.09647820 .500000000 7.88224612 7.69236325 .189882871
            .500000000 7.88224612 7.69236325 .189882871
 1.14815362 .500000000 7.87720921 7.69173328 .185475926
            .500000000 7.87720921 7.69173328 .185475926
 1.20226443 .500000000 7.87228942 7.69107362 .181164182
            .500000000 7.87228942 7.69107362 .181164182
 1.25892541 .500000000 7.86734148 7.69038287 .176958610
            .500000000 7.86734148 7.69038287 .176958610
 1.31825674 .500000000 7.86249396 7.68965956 .172834397
            .500000000 7.86249396 7.68965956 .172834397
 1.38038426 .500000000 7.85771706 7.68890217 .168814891
            .500000000 7.85771706 7.68890217 .168814891
 1.44543977 .500000000 7.85298832 7.68810908 .164879238
            .500000000 7.85298832 7.68810908 .164879238
 1.51356125 .500000000 7.84831069 7.68727862 .161032079
            .500000000 7.84831069 7.68727862 .161032079
 1.58489319 .500000000 7.84368214 7.68640901 .157273126
            .500000000 7.84368214 7.68640901 .157273126
 1.65958691 .500000000 7.83909734 7.68549843 .153598915
            .500000000 7.83909734 7.68549843 .153598915
 1.73780083 .500000000 7.83454659 7.68454492 .150001661
            .500000000 7.83454659 7.68454492 .150001661
 1.81970086 .500000000 7.83003628 7.68354649 .146489797
            .500000000 7.83003628 7.68354649 .146489797
 1.90546072 .500000000 7.82556269 7.68250099 .143052169
            .500000000 7.82556269 7.68250099 .143052169
 1.99526231 .500000000 7.82111393 7.68140623 .139707704
            .500000000 7.82111393 7.68140623 .139707704
 2.08929613 .500000000 7.81673866 7.68025987 .136478792
            .500000000 7.81673866 7.68025987 .136478792
 2.18776162 .500000000 7.81229756 7.67905948 .133238081
            .500000000 7.81229756 7.67905948 .133238081
 2.29086765 .500000000 7.80791307 7.67780252 .130110551
            .500000000 7.80791307 7.67780252 .130110551
 2.39883292 .500000000 7.80361816 7.67648632 .127015781
            .500000000 7.80361816 7.67648632 .127015781
 2.51188643 .500000000 7.79913930 7.67510809 .124023328
            .500000000 7.79913930 7.67510809 .124023328
 2.63026799 .500000000 7.79473142 7.67366491 .121066508
            .500000000 7.79473142 7.67366491 .121066508
 2.75422870 .500000000 7.79035029 7.67215371 .118196580
            .500000000 7.79035029 7.67215371 .118196580
 2.88403150 .500000000 7.78606674 7.67057129 .115384269
            .500000000 7.78606674 7.67057129 .115384269
 3.01995172 .500000000 7.78188801 7.66891430 .112624157
            .500000000 7.78188801 7.66891430 .112624157
 3.16227766 .500000000 7.77751233 7.66717921 .109936789
            .500000000 7.77751233 7.66717921 .109936789
 3.31131121 .500000000 7.77293044 7.66536235 .107304157
            .500000000 7.77293044 7.66536235 .107304157
 3.46736850 .500000000 7.76818648 7.66345986 .104726612
            .500000000 7.76818648 7.66345986 .104726612
 3.63078055 .500000000 7.76387886 7.66146772 .102207619
            .500000000 7.76387886 7.66146772 .102207619
 3.80189396 .500000000 7.75972823 7.65939457 .099740474
            .500000000 7.75972823 7.65939457 .099740474
 3.98107171 .500000000 7.75538198 7.65735509 .097340570
            .500000000 7.75538198 7.65735509 .097340570
 4.16869383 .500000000 7.75083091 7.65525398 .095027310
            .500000000 7.75083091 7.65525398 .095027310
 4.36515832 .500000000 7.74606535 7.65305384 .092688379
            .500000000 7.74606535 7.65305384 .092688379
 4.57088190 .500000000 7.74120003 7.65075002 .090450013
            .500000000 7.74120003 7.65075002 .090450013
 4.78630092 .500000000 7.73655081 7.64833762 .088213196
            .500000000 7.73655081 7.64833762 .088213196
 5.01187234 .500000000 7.73202636 7.64581152 .086066152
            .500000000 7.73202636 7.64581152 .086066152
 5.24807460 .500000000 7.72736317 7.64316638 .083931160
            .500000000 7.72736317 7.64316638 .083931160
 5.49540874 .500000000 7.72248022 7.64039657 .081862608
            .500000000 7.72248022 7.64039657 .081862608
 5.75439937 .500000000 7.71736715 7.63749623 .079834899
            .500000000 7.71736715 7.63749623 .079834899
 6.02559586 .500000000 7.71230048 7.63445920 .077841280
            .500000000 7.71230048 7.63445920 .077841280
 6.30957344 .500000000 7.70717839 7.63127904 .075899356
            .500000000 7.70717839 7.63127904 .075899356
 6.60693448 .500000000 7.70194620 7.62794900 .073997199
            .500000000 7.70194620 7.62794900 .073997199
 6.91830971 .500000000 7.69659424 7.62446202 .072132220
            .500000000 7.69659424 7.62446202 .072132220
 7.24435960 .500000000 7.69111817 7.62081070 .070307473
            .500000000 7.69111817 7.62081070 .070307473
 7.58577575 .500000000 7.68550814 7.61698730 .068520833
            .500000000 7.68550814 7.61698730 .068520833
 7.94328235 .500000000 7.67976186 7.61298372 .066778142
            .500000000 7.67976186 7.61298372 .066778142
 8.31763771 .500000000 7.67389174 7.60879145 .065100297
            .500000000 7.67389174 7.60879145 .065100297
 8.70963590 .500000000 7.66780006 7.60440160 .063398465
            .500000000 7.66780006 7.60440160 .063398465
 9.12010839 .500000000 7.66157736 7.59980486 .061772492
            .500000000 7.66157736 7.59980486 .061772492
 9.54992586 .500000000 7.65526497 7.59499149 .060143779
            .500000000 7.65526497 7.59499149 .060143779
 10.0000000 .500000000 7.64882342 7.58995128 .058580724
            .500000000 7.64882342 7.58995128 .058580724
 10.4712855 .500000000 7.64207828 7.58467352 .057023551
            .500000000 7.64207828 7.58467352 .057023551
 10.9647820 .500000000 7.63501525 7.57914703 .055514265
            .500000000 7.63501525 7.57914703 .055514265
 11.4815362 .500000000 7.62761936 7.57342314 .054034385
            .500000000 7.62761936 7.57342314 .054034385
 12.0226443 .500000000 7.62031031 7.56773375 .052576558
            .500000000 7.62031031 7.56773375 .052576558
 12.5892541 .500000000 7.61308854 7.56181620 .051155355
            .500000000 7.61308854 7.56181620 .051155355
 13.1825674 .500000000 7.60555288 7.55561977 .049763403
            .500000000 7.60555288 7.55561977 .049763403
 13.8038426 .500000000 7.59766208 7.54913131 .048397566
            .500000000 7.59766208 7.54913131 .048397566
 14.4543977 .500000000 7.58939418 7.54233705 .047057132
            .500000000 7.58939418 7.54233705 .047057132
 15.1356125 .500000000 7.58096764 7.53522259 .045745053
            .500000000 7.58096764 7.53522259 .045745053
 15.8489319 .500000000 7.57223421 7.52777284 .044461374
            .500000000 7.57223421 7.52777284 .044461374
 16.5958691 .500000000 7.56317431 7.51997199 .043202319
            .500000000 7.56317431 7.51997199 .043202319
 17.3780083 .500000000 7.55377424 7.51180350 .041970744
            .500000000 7.55377424 7.51180350 .041970744
 18.1970086 .500000000 7.54426542 7.50325004 .040781572
            .500000000 7.54426542 7.50325004 .040781572
 19.0546072 .500000000 7.53440383 7.49429346 .039581818
            .500000000 7.53440383 7.49429346 .039581818
 19.9526231 .500000000 7.52407747 7.48514853 .038430064
            .500000000 7.52407747 7.48514853 .038430064
 20.8929613 .500000000 7.51326091 7.47598013 .037280781
            .500000000 7.51326091 7.47598013 .037280781
 21.8776162 .500000000 7.50255418 7.46638675 .036167431
            .500000000 7.50255418 7.46638675 .036167431
 22.9086765 .500000000 7.49141596 7.45634124 .035074716
            .500000000 7.49141596 7.45634124 .035074716
 23.9883292 .500000000 7.47982048 7.44582231 .033998178
            .500000000 7.47982048 7.44582231 .033998178
 25.1188643 .500000000 7.46781683 7.43480763 .032947800
            .500000000 7.46781683 7.43480763 .032947800
 26.3026799 .500000000 7.45532506 7.42327385 .031921391
            .500000000 7.45532506 7.42327385 .031921391
 27.5422870 .500000000 7.44224457 7.41119653 .030910212
            .500000000 7.44224457 7.41119653 .030910212
 28.8403150 .500000000 7.42891686 7.39899705 .029919819
            .500000000 7.42891686 7.39899705 .029919819
 30.1995172 .500000000 7.41561185 7.38665930 .028952556
            .500000000 7.41561185 7.38665930 .028952556
 31.6227766 .500000000 7.40175214 7.37374009 .028004421
            .500000000 7.40175214 7.37374009 .028004421
 33.1131121 .500000000 7.38728750 7.36021202 .027075477
            .500000000 7.38728750 7.36021202 .027075477
 34.6736850 .500000000 7.37221201 7.34604639 .026165617
            .500000000 7.37221201 7.34604639 .026165617
 36.3078055 .500000000 7.35648810 7.33121315 .025274948
            .500000000 7.35648810 7.33121315 .025274948
 38.0189396 .500000000 7.34085837 7.31618545 .024405666
            .500000000 7.34085837 7.31618545 .024405666
 39.8107171 .500000000 7.32474135 7.30104966 .023565172
            .500000000 7.32474135 7.30104966 .023565172
 41.6869383 .500000000 7.30792188 7.28520147 .022720417
            .500000000 7.30792188 7.28520147 .022720417
 43.6515832 .500000000 7.29051263 7.26860638 .021906257
            .500000000 7.29051263 7.26860638 .021906257
 45.7088190 .500000000 7.27234168 7.25123417 .021107512
            .500000000 7.27234168 7.25123417 .021107512
 47.8630092 .500000000 7.25441544 7.23377247 .020322764
            .500000000 7.25441544 7.23377247 .020322764
 50.1187234 .500000000 7.23564389 7.21601493 .019559526
            .500000000 7.23564389 7.21601493 .019559526
 52.4807460 .500000000 7.21623509 7.19742051 .018814579
            .500000000 7.21623509 7.19742051 .018814579
 54.9540874 .500000000 7.19603455 7.17794975 .018084799
            .500000000 7.19603455 7.17794975 .018084799
 57.5439937 .500000000 7.17596197 7.15827280 .017372120
            .500000000 7.17596197 7.15827280 .017372120
 60.2559586 .500000000 7.15508882 7.13841098 .016677835
            .500000000 7.15508882 7.13841098 .016677835
 63.0957344 .500000000 7.13361414 7.11761314 .016001003
            .500000000 7.13361414 7.11761314 .016001003
 66.0693448 .500000000 7.11147271 7.09590433 .015340694
            .500000000 7.11147271 7.09590433 .015340694
 69.1830971 .500000000 7.08926079 7.07435227 .014697389
            .500000000 7.08926079 7.07435227 .014697389
 72.4435960 .500000000 7.06628302 7.05221228 .014070736
            .500000000 7.06628302 7.05221228 .014070736
 75.8577575 .500000000 7.04248988 7.02902886 .013461019
            .500000000 7.04248988 7.02902886 .013461019
 79.4328235 .500000000 7.01878158 7.00562259 .012867883
            .500000000 7.01878158 7.00562259 .012867883
 83.1763771 .500000000 6.99430520 6.98201387 .012291328
            .500000000 6.99430520 6.98201387 .012291328
 87.0963590 .500000000 6.96907717 6.95729257 .011730984
            .500000000 6.96907717 6.95729257 .011730984
 91.2010839 .500000000 6.94389270 6.93239240 .011187549
            .500000000 6.94389270 6.93239240 .011187549
 95.4992586 .500000000 6.91795801 6.90729520 .010662814
            .500000000 6.91795801 6.90729520 .010662814
 100.000000 .500000000 6.89151929 6.88107820 .010154433
            .500000000 6.89151929 6.88107820 .010154433
 104.712855 .500000000 6.86468426 6.85502435 .009659915
            .500000000 6.86468426 6.85502435 .009659915
 109.647820 .500000000 6.83750165 6.82832194 .009179707
            .500000000 6.83750165 6.82832194 .009179707
 114.815362 .500000000 6.80994491 6.80088249 .008716478
            .500000000 6.80994491 6.80088249 .008716478
 120.226443 .500000000 6.78195652 6.77368692 .008269602
            .500000000 6.78195652 6.77368692 .008269602
 125.892541 .500000000 6.75354313 6.74539767 .007838291
            .500000000 6.75354313 6.74539767 .007838291
 131.825674 .500000000 6.72481855 6.71739605 .007422504
            .500000000 6.72481855 6.71739605 .007422504
 138.038426 .500000000 6.69574828 6.68868417 .007022008
            .500000000 6.69574828 6.68868417 .007022008
 144.543977 .500000000 6.66648473 6.65979806 .006636877
            .500000000 6.66648473 6.65979806 .006636877
 151.356125 .500000000 6.63699089 6.63072417 .006266719
            .500000000 6.63699089 6.63072417 .006266719
 158.489319 .500000000 6.60718486 6.60104655 .005911554
            .500000000 6.60718486 6.60104655 .005911554
 165.958691 .500000000 6.57712743 6.57155649 .005570946
            .500000000 6.57712743 6.57155649 .005570946
 173.780083 .500000000 6.54691486 6.54144764 .005244568
            .500000000 6.54691486 6.54144764 .005244568
 181.970086 .500000000 6.51666227 6.51172969 .004932587
            .500000000 6.51666227 6.51172969 .004932587
 190.546072 .500000000 6.48613266 6.48123929 .004634801
            .500000000 6.48613266 6.48123929 .004634801
 199.526231 .500000000 6.45557243 6.45122232 .004350115
            .500000000 6.45557243 6.45122232 .004350115
 208.929613 .500000000 6.42497468 6.42064699 .004079278
            .500000000 6.42497468 6.42064699 .004079278
 218.776162 .500000000 6.39423671 6.39041561 .003821103
            .500000000 6.39423671 6.39041561 .003821103
 229.086765 .500000000 6.36361964 6.35990625 .003575983
            .500000000 6.36361964 6.35990625 .003575983
 239.883292 .500000000 6.33286906 6.32952605 .003343012
            .500000000 6.33286906 6.32952605 .003343012
 251.188643 .500000000 6.30240664 6.29928428 .003122361
            .500000000 6.30240664 6.29928428 .003122361
 263.026799 .500000000 6.27195980 6.26889518 .002914615
            .500000000 6.27195980 6.26889518 .002914615
 275.422870 .500000000 6.24172348 6.23900689 .002716588
            .500000000 6.24172348 6.23900689 .002716588
 288.403150 .500000000 6.21155545 6.20882790 .002529676
            .500000000 6.21155545 6.20882790 .002529676
 301.995172 .500000000 6.18153596 6.17918254 .002353421
            .500000000 6.18153596 6.17918254 .002353421
 316.227766 .500000000 6.15163886 6.14940604 .002187379
            .500000000 6.15163886 6.14940604 .002187379
 331.131121 .500000000 6.12209083 6.11996030 .002031168
            .500000000 6.12209083 6.11996030 .002031168
 346.736850 .500000000 6.09282236 6.09093804 .001884324
            .500000000 6.09282236 6.09093804 .001884324
 363.078055 .500000000 6.06378030 6.06180629 .001746581
            .500000000 6.06378030 6.06180629 .001746581
 380.189396 .500000000 6.03499746 6.03337968 .001617780
            .500000000 6.03499746 6.03337968 .001617780
 398.107171 .500000000 6.00650516 6.00489056 .001497007
            .500000000 6.00650516 6.00489056 .001497007
 416.869383 .500000000 5.97845350 5.97702933 .001384344
            .500000000 5.97845350 5.97702933 .001384344
 436.515832 .500000000 5.95081584 5.94953671 .001279131
            .500000000 5.95081584 5.94953671 .001279131
 457.088190 .500000000 5.92352140 5.92211280 .001181201
            .500000000 5.92352140 5.92211280 .001181201
 478.630092 .500000000 5.89663222 5.89554223 .001089989
            .500000000 5.89663222 5.89554223 .001089989
 501.187234 .500000000 5.86999836 5.86888149 .001005300
            .500000000 5.86999836 5.86888149 .001005300
 524.807460 .500000000 5.84393145 5.84298618 9.26725E-4
            .500000000 5.84393145 5.84298618 9.26725E-4
 549.540874 .500000000 5.81825878 5.81740484 8.53946E-4
            .500000000 5.81825878 5.81740484 8.53946E-4
 575.439937 .500000000 5.79311345 5.79212247 7.86616E-4
            .500000000 5.79311345 5.79212247 7.86616E-4
 602.559586 .500000000 5.76834451 5.76762006 7.24445E-4
            .500000000 5.76834451 5.76762006 7.24445E-4
 630.957344 .500000000 5.74389700 5.74313309 6.67206E-4
            .500000000 5.74389700 5.74313309 6.67206E-4
 660.693448 .500000000 5.72010146 5.71947713 6.14675E-4
            .500000000 5.72010146 5.71947713 6.14675E-4
 691.830971 .500000000 5.69662147 5.69605534 5.66132E-4
            .500000000 5.69662147 5.69605534 5.66132E-4
 724.435960 .500000000 5.67369889 5.67298506 5.21607E-4
            .500000000 5.67369889 5.67298506 5.21607E-4
 758.577575 .500000000 5.65111775 5.65063676 4.80988E-4
            .500000000 5.65111775 5.65063676 4.80988E-4
 794.328235 .500000000 5.62889694 5.62834562 4.43845E-4
            .500000000 5.62889694 5.62834562 4.43845E-4
 831.763771 .500000000 5.60734297 5.60693288 4.10091E-4
            .500000000 5.60734297 5.60693288 4.10091E-4
 870.963590 .500000000 5.58584926 5.58546976 3.79501E-4
            .500000000 5.58584926 5.58546976 3.79501E-4
 912.010839 .500000000 5.56515407 5.56473568 3.51918E-4
            .500000000 5.56515407 5.56473568 3.51918E-4
 954.992586 .500000000 5.54457615 5.54424901 3.27145E-4
            .500000000 5.54457615 5.54424901 3.27145E-4
 1000.00000 .500000000 5.52453450 5.52409199 3.05112E-4
            .500000000 5.52453450 5.52409199 3.05112E-4
 1047.12855 .500000000 5.50473502 5.50444933 2.85692E-4
            .500000000 5.50473502 5.50444933 2.85692E-4
 1096.47820 .500000000 5.48530425 5.48487410 2.68808E-4
            .500000000 5.48530425 5.48487410 2.68808E-4
 1148.15362 .500000000 5.46617161 5.46591718 2.54438E-4
            .500000000 5.46617161 5.46591718 2.54438E-4
 1202.26443 .500000000 5.44721095 5.44680552 2.42607E-4
            .500000000 5.44721095 5.44680552 2.42607E-4
 1258.92541 .500000000 5.42855504 5.42832166 2.33386E-4
            .500000000 5.42855504 5.42832166 2.33386E-4
 1318.25674 .500000000 5.40995828 5.40957018 2.26944E-4
            .500000000 5.40995828 5.40957018 2.26944E-4
 1380.38426 .500000000 5.39151157 5.39128799 2.23575E-4
            .500000000 5.39151157 5.39128799 2.23575E-4
 1445.43977 .500000000 5.37310501 5.37273078 2.23749E-4
            .500000000 5.37310501 5.37273078 2.23749E-4
 1513.56125 .500000000 5.35431438 5.35408617 2.28211E-4
            .500000000 5.35431438 5.35408617 2.28211E-4
 1584.89319 .500000000 5.33572420 5.33548611 2.38096E-4
            .500000000 5.33572420 5.33548611 2.38096E-4
 1659.58691 .500000000 5.31626591 5.31601064 2.55265E-4
            .500000000 5.31626591 5.31601064 2.55265E-4
 1737.80083 .500000000 5.29585247 5.29556962 2.82851E-4
            .500000000 5.29585247 5.29556962 2.82851E-4
 1819.70086 .500000000 5.27422525 5.27389904 3.26218E-4
            .500000000 5.27422525 5.27389904 3.26218E-4
 1905.46072 .500000000 5.25133884 5.25094341 3.95431E-4
            .500000000 5.25133884 5.25094341 3.95431E-4
 1995.26231 .500000000 5.22512709 5.22460933 5.10611E-4
            .500000000 5.22512709 5.22460933 5.10611E-4
 2089.29613 .500000000 5.19357644 5.19283687 7.18930E-4
            .500000000 5.19357644 5.19283687 7.18930E-4
 2187.76162 .500000000 5.15161088 5.15046154 .001149339
            .500000000 5.15161088 5.15046154 .001149339
 2290.86765 .500000000 5.05930043 5.05646798 .002832450
            .500000000 5.11070182 5.10896745 .001734362
 2398.83292 .369129980 4.83387576 4.82179574 .012080020
            .630870020 4.98953194 4.98465941 .004872529
 2511.88643 .830479349 4.64063942 4.44323433 .197405093
            .169520651 137.393094 111.851171 25.5419236
 2630.26799 .792361411 5.76686248 5.74816575 .018673007
            .207638589 7.09264237 6.92538779 .167254565
 2754.22870 .500000000 5.40258659 5.40001137 .002575220
            .500000000 5.50153274 5.49606668 .005466058
 2884.03150 .500000000 5.31910888 5.31791869 .001174950
            .500000000 5.36122945 5.35938670 .001815736
 3019.95172 .500000000 5.28296880 5.28213523 8.18608E-4
            .500000000 5.28296880 5.28213523 8.18608E-4
 3162.27766 .500000000 5.24436541 5.24360978 7.55625E-4
            .500000000 5.24436541 5.24360978 7.55625E-4
 3311.31121 .958539267 5.32437225 5.30432464 .020047603
            .041460733 56.2024251 47.1120389 9.09038616
 3467.36850 .500000000 5.18944028 5.18897963 4.47110E-4
            .500000000 5.18944028 5.18897963 4.47110E-4
 3630.78055 .500000000 5.16286969 5.16264441 2.25277E-4
            .500000000 5.16286969 5.16264441 2.25277E-4
 3801.89396 .500000000 5.13865171 5.13848739 1.64319E-4
            .500000000 5.13865171 5.13848739 1.64319E-4
 3981.07171 .500000000 5.11427992 5.11414823 1.31689E-4
            .500000000 5.11427992 5.11414823 1.31689E-4
 4168.69383 .500000000 5.08925675 5.08914527 1.11479E-4
            .500000000 5.08925675 5.08914527 1.11479E-4
 4365.15832 .500000000 5.06321173 5.06311125 1.00476E-4
            .500000000 5.06321173 5.06311125 1.00476E-4
 4570.88190 .976757993 5.04915870 5.03955100 .009607697
            .023242007 10.5402865 6.45310131 4.08718521
 4786.30092 .500000000 5.00535520 5.00498380 3.38342E-4
            .500000000 5.00535520 5.00498380 3.38342E-4
 5011.87234 .500000000 4.97025574 4.97017234 8.34069E-5
            .500000000 4.97025574 4.97017234 8.34069E-5
 5248.07460 .500000000 4.92989467 4.92980773 8.69390E-5
            .500000000 4.92989467 4.92980773 8.69390E-5
 5495.40874 .976870101 4.90095820 4.89115997 .009798234
            .023129899 15.4820893 10.0021143 5.47997500
 5754.39937 .500000000 4.79949074 4.79939713 9.35545E-5
            .500000000 4.84024269 4.83989885 2.39524E-4
 6025.59586 .500000000 4.71001809 4.70989496 1.23132E-4
            .500000000 4.76556545 4.76545511 1.10342E-4
 6309.57344 .500000000 4.57825211 4.57807587 1.76240E-4
            .500000000 4.66162547 4.66148630 1.39168E-4
 6606.93448 .445987666 4.35360949 4.35326831 3.41172E-4
            .554012334 4.49460117 4.49436207 2.24081E-4
 6918.30971 .555184050 4.04339846 4.04213511 .001263342
            .444815950 4.23309686 4.23265106 4.45798E-4
 7244.35960 .603014517 5.53492147 5.46076411 .074157318
            .396985483 54.2688373 54.1483277 .120405045
 7585.77575 .721128434 8.01166185 8.01044607 .001215783
            .278871566 15.5758574 15.5686501 .007207289
 7943.28235 .599640937 6.11037289 6.11009640 2.76499E-4
            .400359063 6.68181179 6.68131511 4.96685E-4
 8317.63771 .557602164 5.65636194 5.65618393 1.78004E-4
            .442397836 5.86200074 5.86179369 2.07052E-4
 8709.63590 .540766009 5.43225178 5.43194621 3.05570E-4
            .459233991 5.54526941 5.54508924 1.80169E-4
 9120.10839 .957404964 5.53787265 5.52720466 .010667988
            .042595036 59.9565694 57.3915986 2.56497076
 9549.92586 .961070020 5.30589842 5.30163178 .004257951
            .038929980 29.5704985 28.9275999 .642842810
 10000.0000 .469718943 4.94162921 4.94142074 2.04340E-4
            .530281057 5.04863487 5.04833026 2.59433E-4
 10471.2855 .422717644 4.64422972 4.64383888 3.90835E-4
            .577282356 4.83696479 4.83672266 2.42127E-4
 10964.7820 .497857648 4.04146680 4.03842000 .003046799
            .502142352 4.45765353 4.45585731 .001796219
 11481.5362 .942350000 9.48265710 9.46351112 .019145980
            .057650000 145.823211 141.763432 4.05977868
 12022.6443 .634867283 5.84939239 5.84889029 5.02109E-4
            .365132717 6.40597273 6.40522954 7.43193E-4
 12589.2541 .920360709 5.91290568 5.90601203 .006893647
            .079639291 30.1599946 29.7481758 .411818813
 13182.5674 .953337518 4.91863740 4.91613474 .002502655
            .046662482 21.7221813 21.1706241 .551420017
 13803.8426 .954687259 5.43481858 5.42631347 .008505102
            .045312741 23.9689521 23.0105632 .958388954
 14454.3977 .398010045 4.09362554 4.09207945 .001546090
            .601989955 4.77072423 4.77012413 6.00101E-4
 15135.6125 .804014474 7.05093147 7.04923133 .001700135
            .195985526 28.8171846 28.7878069 .029377678
 15848.9319 .618169195 5.72236011 5.72073034 .001629767
            .381830805 6.02583652 6.02204755 .003788966
 16595.8691 .995590000 5.53218462 5.52894400 .003240612
            .004410000 6.80880586 6.28108300 .527722853
 17378.0083 .500000000 5.36160892 5.36154083 5.23607E-5
            .500000000 5.42326464 5.42321171 5.29191E-5
 18197.0086 .982100000 5.29910656 5.29898840 5.34045E-5
            .017900000 5.67878899 5.43321914 .245489003
 19054.6072 .500000000 5.23192905 5.23175135 1.46354E-4
            .500000000 5.23192905 5.23175135 1.46354E-4
 19952.6231 .941298257 5.38038907 5.37781485 .002574213
            .058701743 21.8580219 21.6697328 .188289100
 20892.9613 .500000000 5.08453609 5.08434056 1.95528E-4
            .500000000 5.12273617 5.12255038 1.85791E-4
 21877.6162 .963550000 5.12538733 5.12272893 .002636731
            .036450000 6.00748451 5.88307331 .124394130
 22908.6765 .912032044 5.34923129 5.34188940 .007341893
            .087967956 52.6100317 51.9913387 .618692965
 23988.3292 .861583420 5.70351375 5.69088926 .012624487
            .138416580 57.8276509 57.3414144 .486236534
 25118.8643 .380827233 3.69205676 3.69107835 9.78412E-4
            .619172767 4.50283398 4.50199982 8.34151E-4
 26302.6799 .806249453 5.90557405 5.90210747 .003466584
            .193750547 19.1687668 19.1250727 .043694098
 27542.2870 .976623179 4.77727551 4.77479827 .002477241
            .023376821 21.5907819 20.7624244 .828357504
 28840.3150 .631044409 6.37154109 6.36042309 .011118007
            .368955591 37.6329798 37.4967516 .136228205
 30199.5172 .823190781 6.34374974 6.34358269 1.67048E-4
            .176809219 8.87023274 8.85794506 .012287673
 31622.7766 .963394888 5.86792876 5.86462828 .003300477
            .036605112 32.4811885 32.2535769 .227611544
 33113.1121 .911121351 5.52309692 5.52020628 .002890639
            .088878649 7.32512033 7.29868917 .026431163
 34673.6850 .812963679 6.22665569 6.22287907 .003776621
            .187036321 31.1471932 31.0948099 .052383281
 36307.8055 .291540000 4.00017565 4.00003440 1.41250E-4
            .708460000 5.12368005 5.11751239 .006167662
 38018.9396 .973070000 5.29979202 5.29423890 .005553125
            .026930000 59.2323493 58.3351505 .897198731
 39810.7171 .948520353 4.38973225 4.38840201 .001330239
            .051479647 20.1717821 20.0413315 .130450606
 41686.9383 .546790230 3.10687696 3.10538125 .001490108
            .453209770 14.6095230 14.6023998 .007110418
 43651.5832 .982724834 5.37940219 5.37792716 .001475025
            .017275166 9.62552258 9.50357337 .121949215
 45708.8190 .989471275 4.97325068 4.97303498 2.15703E-4
            .010528725 9.21173528 8.85955642 .352178852
 47863.0092 .295955931 4.24827104 4.24816246 1.08578E-4
            .704044069 4.67099828 4.67096150 3.67791E-5
 50118.7234 .832492856 4.47209709 4.46918990 .002907195
            .167507144 21.7107510 21.6798086 .030942389
 52480.7460 .696635352 7.21166671 7.21114299 5.23718E-4
            .303364648 18.6142817 18.6070327 .007249038
 54954.0874 .724115525 5.87835451 5.87631066 .002043853
            .275884475 22.2656444 22.2458593 .019785049
 57543.9937 .641767364 5.72875119 5.72868888 6.23115E-5
            .358232636 6.11250287 6.11241832 8.45538E-5
 60255.9586 .805214994 6.31296305 6.31197609 9.86965E-4
            .194785006 35.1026967 35.0811737 .021522963
 63095.7344 .721868509 4.51900467 4.51800668 9.97988E-4
            .278131491 15.1483375 15.1410762 .007261259
 66069.3448 .652905429 4.01119859 4.01020420 9.94394E-4
            .347094571 22.2200854 22.2120085 .008076830
 69183.0971 .886222602 5.69311885 5.69215238 9.66474E-4
            .113777398 19.2292351 19.2096966 .019538493
 72443.5960 .869940197 5.78102211 5.78039918 6.22931E-4
            .130059803 22.1458362 22.1310211 .014815182
 75857.7575 .567810425 5.63311444 5.63059429 .002520143
            .432189575 19.8029965 19.7990089 .003987566
 79432.8235 .443138934 2.76674081 2.76635562 3.85186E-4
            .556861066 5.82974494 5.82909305 6.51890E-4
 83176.3771 .745325309 7.67070179 7.66977621 9.25577E-4
            .254674691 26.9636379 26.9481926 .015445360
 87096.3590 .885232224 6.28484196 6.28438807 4.53885E-4
            .114767776 26.1048028 26.0943499 .010452978
 91201.0839 .850603789 5.98252464 5.98204999 4.74653E-4
            .149396211 18.1341013 18.1241015 .009999797
 95499.2586 .855343561 5.02621531 5.02562868 5.86633E-4
            .144656439 10.6094276 10.6021094 .007318230
 100000.000 .874823308 4.85689130 4.85482219 .002069119
            .125176692 15.0889998 15.0647260 .024273825
 104712.855 .969930000 5.44434508 5.44364138 7.03694E-4
            .030070000 24.4646555 24.4272486 .037406839
 109647.820 .668285078 4.95338297 4.95217426 .001208704
            .331714922 17.2534991 17.2493936 .004105532
 114815.362 .351353620 4.01945139 4.01874997 7.01425E-4
            .648646380 13.2586870 13.2557590 .002927949
 120226.443 .625286480 5.62333926 5.62218143 .001157825
            .374713520 14.6793971 14.6763017 .003095361
 125892.541 .884139611 5.94896706 5.94832225 6.44810E-4
            .115860389 19.2487182 19.2429125 .005805745
 131825.674 .758661367 6.65575580 6.65511233 6.43474E-4
            .241338633 24.3959729 24.3873725 .008600413
 138038.426 .640372211 6.49282012 6.49152321 .001296918
            .359627789 18.4084325 18.4031465 .005286094
 144543.977 .825187878 5.65703167 5.65663085 4.00822E-4
            .174812122 14.2831024 14.2772982 .005804215
 151356.125 .814060342 5.14259536 5.14224928 3.46081E-4
            .185939658 9.97681721 9.97523227 .001584935
 158489.319 .812092604 6.37754721 6.37708557 4.61636E-4
            .187907396 20.6458989 20.6426215 .003277367
 165958.691 .743141458 5.57161410 5.57118976 4.24348E-4
            .256858542 14.4269273 14.4229134 .004013901
 173780.083 .681253144 5.82577612 5.82517761 5.98508E-4
            .318746856 21.0148120 21.0109015 .003910506
 181970.086 .591662927 5.59195120 5.59144470 5.06498E-4
            .408337073 10.7534210 10.7514659 .001955133
 190546.072 .872122069 5.82086099 5.82046099 3.99994E-4
            .127877931 14.5931513 14.5897129 .003438436
 199526.231 .677327790 4.98384534 4.98307846 7.66880E-4
            .322672210 11.3012385 11.2992631 .001975463
 208929.613 .644491495 4.78937858 4.78834322 .001035361
            .355508505 10.7095874 10.7079368 .001650682
 218776.162 .573567738 5.41392333 5.41345920 4.64134E-4
            .426432262 13.6093434 13.6072556 .002087865
 229086.765 .482482349 5.72453034 5.72396530 5.65040E-4
            .517517651 12.1580760 12.1569358 .001140226
 239883.292 .530276846 5.88396263 5.88343151 5.31115E-4
            .469723154 15.5336165 15.5320787 .001537883
 251188.643 .562255435 9.15460249 9.15432348 2.79012E-4
            .437744565 18.3261055 18.3245505 .001554960
 263026.799 .628280860 6.66551862 6.66505410 4.64516E-4
            .371719140 14.0393574 14.0373431 .002014253
 275422.870 .542873673 9.71509514 9.71447082 6.24325E-4
            .457126327 17.8591084 17.8579820 .001126476
 288403.150 .500000000 15.0838598 15.0832645 5.95352E-4
            .500000000 15.0838598 15.0832645 5.95352E-4
 301995.172 .500000000 0.0        0.0        0.0       
            .500000000 0.0        0.0        0.0       
 316227.766 .500000000 0.0        0.0        0.0       
            .500000000 0.0        0.0        0.0       
 331131.121 .500000000 0.0        0.0        0.0       
            .500000000 0.0        0.0        0.0       
 346736.850 .500000000 0.0        0.0        0.0       
            .500000000 0.0        0.0        0.0       
 363078.055 .500000000 0.0        0.0        0.0       
            .500000000 0.0        0.0        0.0       
 380189.396 .500000000 0.0        0.0        0.0       
            .500000000 0.0        0.0        0.0       
 398107.171 .500000000 0.0        0.0        0.0       
            .500000000 0.0        0.0        0.0       
 416869.383 .500000000 0.0        0.0        0.0       
            .500000000 0.0        0.0        0.0       
 436515.832 .500000000 0.0        0.0        0.0       
            .500000000 0.0        0.0        0.0       
 457088.190 .500000000 0.0        0.0        0.0       
            .500000000 0.0        0.0        0.0       
 478630.092 .500000000 0.0        0.0        0.0       
            .500000000 0.0        0.0        0.0       
 501187.234 .500000000 0.0        0.0        0.0       
            .500000000 0.0        0.0        0.0       
 524807.460 .500000000 0.0        0.0        0.0       
            .500000000 0.0        0.0        0.0       
 549540.874 .500000000 0.0        0.0        0.0       
            .500000000 0.0        0.0        0.0       
 575439.937 .500000000 0.0        0.0        0.0       
            .500000000 0.0        0.0        0.0       
 602559.586 .500000000 0.0        0.0        0.0       
            .500000000 0.0        0.0        0.0       
 630957.344 .500000000 0.0        0.0        0.0       
            .500000000 0.0        0.0        0.0       
 660693.448 .500000000 0.0        0.0        0.0       
            .500000000 0.0        0.0        0.0       
 691830.971 .500000000 0.0        0.0        0.0       
            .500000000 0.0        0.0        0.0       
 724435.960 .500000000 0.0        0.0        0.0       
            .500000000 0.0        0.0        0.0       
 758577.575 .500000000 0.0        0.0        0.0       
            .500000000 0.0        0.0        0.0       
 794328.235 .500000000 0.0        0.0        0.0       
            .500000000 0.0        0.0        0.0       
 831763.771 .500000000 0.0        0.0        0.0       
            .500000000 0.0        0.0        0.0       
 870963.590 .500000000 0.0        0.0        0.0       
            .500000000 0.0        0.0        0.0       
 912010.839 .500000000 0.0        0.0        0.0       
            .500000000 0.0        0.0        0.0       
 954992.586 .500000000 0.0        0.0        0.0       
            .500000000 0.0        0.0        0.0       
 1000000.00 .500000000 0.0        0.0        0.0       
            .500000000 0.0        0.0        0.0       
 1047128.55 .500000000 0.0        0.0        0.0       
            .500000000 0.0        0.0        0.0       
 1096478.20 .500000000 0.0        0.0        0.0       
            .500000000 0.0        0.0        0.0       
 1148153.62 .500000000 0.0        0.0        0.0       
            .500000000 0.0        0.0        0.0       
 1202264.43 .500000000 0.0        0.0        0.0       
            .500000000 0.0        0.0        0.0       
 1258925.41 .500000000 0.0        0.0        0.0       
            .500000000 0.0        0.0        0.0       
 1318256.74 .500000000 0.0        0.0        0.0       
            .500000000 0.0        0.0        0.0       
 1380384.26 .500000000 0.0        0.0        0.0       
            .500000000 0.0        0.0        0.0       
 1445439.77 .500000000 0.0        0.0        0.0       
            .500000000 0.0        0.0        0.0       
 1513561.25 .500000000 0.0        0.0        0.0       
            .500000000 0.0        0.0        0.0       
 1584893.19 .500000000 0.0        0.0        0.0       
            .500000000 0.0        0.0        0.0       
 1659586.91 .500000000 0.0        0.0        0.0       
            .500000000 0.0        0.0        0.0       
 1737800.83 .500000000 0.0        0.0        0.0       
            .500000000 0.0        0.0        0.0       
 1819700.86 .500000000 0.0        0.0        0.0       
            .500000000 0.0        0.0        0.0       
 1905460.72 .500000000 0.0        0.0        0.0       
            .500000000 0.0        0.0        0.0       
 1995262.31 .500000000 0.0        0.0        0.0       
            .500000000 0.0        0.0        0.0       
 2089296.13 .500000000 0.0        0.0        0.0       
            .500000000 0.0        0.0        0.0       
 2187761.62 .500000000 0.0        0.0        0.0       
            .500000000 0.0        0.0        0.0       
 2290867.65 .500000000 0.0        0.0        0.0       
            .500000000 0.0        0.0        0.0       
 2398832.92 .500000000 0.0        0.0        0.0       
            .500000000 0.0        0.0        0.0       
 2511886.43 .500000000 0.0        0.0        0.0       
            .500000000 0.0        0.0        0.0       
 2630267.99 .500000000 0.0        0.0        0.0       
            .500000000 0.0        0.0        0.0       
 2754228.70 .500000000 0.0        0.0        0.0       
            .500000000 0.0        0.0        0.0       
 2884031.50 .500000000 0.0        0.0        0.0       
            .500000000 0.0        0.0        0.0       
 3019951.72 .500000000 0.0        0.0        0.0       
            .500000000 0.0        0.0        0.0       
 3162277.66 .500000000 0.0        0.0        0.0       
            .500000000 0.0        0.0        0.0       
 3311311.21 .500000000 0.0        0.0        0.0       
            .500000000 0.0        0.0        0.0       
 3467368.50 .500000000 0.0        0.0        0.0       
            .500000000 0.0        0.0        0.0       
 3630780.55 .500000000 0.0        0.0        0.0       
            .500000000 0.0        0.0        0.0       
 3801893.96 .500000000 0.0        0.0        0.0       
            .500000000 0.0        0.0        0.0       
 3981071.71 .500000000 0.0        0.0        0.0       
            .500000000 0.0        0.0        0.0       
 4168693.83 .500000000 0.0        0.0        0.0       
            .500000000 0.0        0.0        0.0       
 4365158.32 .500000000 0.0        0.0        0.0       
            .500000000 0.0        0.0        0.0       
 4570881.90 .500000000 0.0        0.0        0.0       
            .500000000 0.0        0.0        0.0       
 4786300.92 .500000000 0.0        0.0        0.0       
            .500000000 0.0        0.0        0.0       
 5011872.34 .500000000 0.0        0.0        0.0       
            .500000000 0.0        0.0        0.0       
 5248074.60 .500000000 0.0        0.0        0.0       
            .500000000 0.0        0.0        0.0       
 5495408.74 .500000000 0.0        0.0        0.0       
            .500000000 0.0        0.0        0.0       
 5754399.37 .500000000 0.0        0.0        0.0       
            .500000000 0.0        0.0        0.0       
 6025595.86 .500000000 0.0        0.0        0.0       
            .500000000 0.0        0.0        0.0       
 6309573.44 .500000000 0.0        0.0        0.0       
            .500000000 0.0        0.0        0.0       
 6606934.48 .500000000 0.0        0.0        0.0       
            .500000000 0.0        0.0        0.0       
 6918309.71 .500000000 0.0        0.0        0.0       
            .500000000 0.0        0.0        0.0       
 7244359.60 .500000000 0.0        0.0        0.0       
            .500000000 0.0        0.0        0.0       
 7585775.75 .500000000 0.0        0.0        0.0       
            .500000000 0.0        0.0        0.0       
 7943282.35 .500000000 0.0        0.0        0.0       
            .500000000 0.0        0.0        0.0       
 8317637.71 .500000000 0.0        0.0        0.0       
            .500000000 0.0        0.0        0.0       
 8709635.90 .500000000 0.0        0.0        0.0       
            .500000000 0.0        0.0        0.0       
 9120108.39 .500000000 0.0        0.0        0.0       
            .500000000 0.0        0.0        0.0       
 9549925.86 .500000000 0.0        0.0        0.0       
            .500000000 0.0        0.0        0.0       
 10000000.0 .500000000 0.0        0.0        0.0       
            .500000000 0.0        0.0        0.0       
 10471285.5 .500000000 0.0        0.0        0.0       
            .500000000 0.0        0.0        0.0       
 10964782.0 .500000000 0.0        0.0        0.0       
            .500000000 0.0        0.0        0.0       
 11481536.2 .500000000 0.0        0.0        0.0       
            .500000000 0.0        0.0        0.0       
 12022644.3 .500000000 0.0        0.0        0.0       
            .500000000 0.0        0.0        0.0       
 12589254.1 .500000000 0.0        0.0        0.0       
            .500000000 0.0        0.0        0.0       
 13182567.4 .500000000 0.0        0.0        0.0       
            .500000000 0.0        0.0        0.0       
 13803842.6 .500000000 0.0        0.0        0.0       
            .500000000 0.0        0.0        0.0       
 14454397.7 .500000000 0.0        0.0        0.0       
            .500000000 0.0        0.0        0.0       
 15135612.5 .500000000 0.0        0.0        0.0       
            .500000000 0.0        0.0        0.0       
 15848931.9 .500000000 0.0        0.0        0.0       
            .500000000 0.0        0.0        0.0       
 16595869.1 .500000000 0.0        0.0        0.0       
            .500000000 0.0        0.0        0.0       
 17378008.3 .500000000 0.0        0.0        0.0       
            .500000000 0.0        0.0        0.0       
 18197008.6 .500000000 0.0        0.0        0.0       
            .500000000 0.0        0.0        0.0       
 19054607.2 .500000000 0.0        0.0        0.0       
            .500000000 0.0        0.0        0.0       
 19952623.1 .500000000 0.0        0.0        0.0       
            .500000000 0.0        0.0        0.0       
 20892961.3 .500000000 0.0        0.0        0.0       
            .500000000 0.0        0.0        0.0       
 21877616.2 .500000000 0.0        0.0        0.0       
            .500000000 0.0        0.0        0.0       
 22908676.5 .500000000 0.0        0.0        0.0       
            .500000000 0.0        0.0        0.0       
 23988329.2 .500000000 0.0        0.0        0.0       
            .500000000 0.0        0.0        0.0       
 25118864.3 .500000000 0.0        0.0        0.0       
            .500000000 0.0        0.0        0.0       
 26302679.9 .500000000 0.0        0.0        0.0       
            .500000000 0.0        0.0        0.0       
 27542287.0 .500000000 0.0        0.0        0.0       
            .500000000 0.0        0.0        0.0       
 28840315.0 .500000000 0.0        0.0        0.0       
            .500000000 0.0        0.0        0.0       
 30199517.2 .500000000 0.0        0.0        0.0       
            .500000000 0.0        0.0        0.0       
 31622776.6 .500000000 0.0        0.0        0.0       
            .500000000 0.0        0.0        0.0       
 33113112.1 .500000000 0.0        0.0        0.0       
            .500000000 0.0        0.0        0.0       
 34673685.0 .500000000 0.0        0.0        0.0       
            .500000000 0.0        0.0        0.0       
 36307805.5 .500000000 0.0        0.0        0.0       
            .500000000 0.0        0.0        0.0       
 38018939.6 .500000000 0.0        0.0        0.0       
            .500000000 0.0        0.0        0.0       
 39810717.1 .500000000 0.0        0.0        0.0       
            .500000000 0.0        0.0        0.0       
 41686938.3 .500000000 0.0        0.0        0.0       
            .500000000 0.0        0.0        0.0       
 43651583.2 .500000000 0.0        0.0        0.0       
            .500000000 0.0        0.0        0.0       
 45708819.0 .500000000 0.0        0.0        0.0       
            .500000000 0.0        0.0        0.0       
 47863009.2 .500000000 0.0        0.0        0.0       
            .500000000 0.0        0.0        0.0       
 50118723.4 .500000000 0.0        0.0        0.0       
            .500000000 0.0        0.0        0.0       
 52480746.0 .500000000 0.0        0.0        0.0       
            .500000000 0.0        0.0        0.0       
 54954087.4 .500000000 0.0        0.0        0.0       
            .500000000 0.0        0.0        0.0       
 57543993.7 .500000000 0.0        0.0        0.0       
            .500000000 0.0        0.0        0.0       
 60255958.6 .500000000 0.0        0.0        0.0       
            .500000000 0.0        0.0        0.0       
 63095734.4 .500000000 0.0        0.0        0.0       
            .500000000 0.0        0.0        0.0       
 66069344.8 .500000000 0.0        0.0        0.0       
            .500000000 0.0        0.0        0.0       
 69183097.1 .500000000 0.0        0.0        0.0       
            .500000000 0.0        0.0        0.0       
 72443596.0 .500000000 0.0        0.0        0.0       
            .500000000 0.0        0.0        0.0       
 75857757.5 .500000000 0.0        0.0        0.0       
            .500000000 0.0        0.0        0.0       
 79432823.5 .500000000 0.0        0.0        0.0       
            .500000000 0.0        0.0        0.0       
 83176377.1 .500000000 0.0        0.0        0.0       
            .500000000 0.0        0.0        0.0       
 87096359.0 .500000000 0.0        0.0        0.0       
            .500000000 0.0        0.0        0.0       
 91201083.9 .500000000 0.0        0.0        0.0       
            .500000000 0.0        0.0        0.0       
 95499258.6 .500000000 0.0        0.0        0.0       
            .500000000 0.0        0.0        0.0       
 100000000. .500000000 0.0        0.0        0.0       
            .500000000 0.0        0.0        0.0       
 104712855. .500000000 0.0        0.0        0.0       
            .500000000 0.0        0.0        0.0       
 109647820. .500000000 0.0        0.0        0.0       
            .500000000 0.0        0.0        0.0       
 114815362. .500000000 0.0        0.0        0.0       
            .500000000 0.0        0.0        0.0       
 120226443. .500000000 0.0        0.0        0.0       
            .500000000 0.0        0.0        0.0       
 125892541. .500000000 0.0        0.0        0.0       
            .500000000 0.0        0.0        0.0       
 131825674. .500000000 0.0        0.0        0.0       
            .500000000 0.0        0.0        0.0       
 138038426. .500000000 0.0        0.0        0.0       
            .500000000 0.0        0.0        0.0       
 144543977. .500000000 0.0        0.0        0.0       
            .500000000 0.0        0.0        0.0       
 151356125. .500000000 0.0        0.0        0.0       
            .500000000 0.0        0.0        0.0       
 158489319. .500000000 0.0        0.0        0.0       
            .500000000 0.0        0.0        0.0       
 165958691. .500000000 0.0        0.0        0.0       
            .500000000 0.0        0.0        0.0       
 173780083. .500000000 0.0        0.0        0.0       
            .500000000 0.0        0.0        0.0       
 181970086. .500000000 0.0        0.0        0.0       
            .500000000 0.0        0.0        0.0       
 190546072. .500000000 0.0        0.0        0.0       
            .500000000 0.0        0.0        0.0       
 199526231. .500000000 0.0        0.0        0.0       
            .500000000 0.0        0.0        0.0       
 208929613. .500000000 0.0        0.0        0.0       
            .500000000 0.0        0.0        0.0       
 218776162. .500000000 0.0        0.0        0.0       
            .500000000 0.0        0.0        0.0       
 229086765. .500000000 0.0        0.0        0.0       
            .500000000 0.0        0.0        0.0       
 239883292. .500000000 0.0        0.0        0.0       
            .500000000 0.0        0.0        0.0       
 251188643. .500000000 0.0        0.0        0.0       
            .500000000 0.0        0.0        0.0       
 263026799. .500000000 0.0        0.0        0.0       
            .500000000 0.0        0.0        0.0       
 275422870. .500000000 0.0        0.0        0.0       
            .500000000 0.0        0.0        0.0       
 288403150. .500000000 0.0        0.0        0.0       
            .500000000 0.0        0.0        0.0       
 301995172. .500000000 0.0        0.0        0.0       
            .500000000 0.0        0.0        0.0       
 316227766. .500000000 0.0        0.0        0.0       
            .500000000 0.0        0.0        0.0       
 331131121. .500000000 0.0        0.0        0.0       
            .500000000 0.0        0.0        0.0       
 346736850. .500000000 0.0        0.0        0.0       
            .500000000 0.0        0.0        0.0       
 363078055. .500000000 0.0        0.0        0.0       
            .500000000 0.0        0.0        0.0       
 380189396. .500000000 0.0        0.0        0.0       
            .500000000 0.0        0.0        0.0       
 398107171. .500000000 0.0        0.0        0.0       
            .500000000 0.0        0.0        0.0       
 416869383. .500000000 0.0        0.0        0.0       
            .500000000 0.0        0.0        0.0       
 436515832. .500000000 0.0        0.0        0.0       
            .500000000 0.0        0.0        0.0       
 457088190. .500000000 0.0        0.0        0.0       
            .500000000 0.0        0.0        0.0       
 478630092. .500000000 0.0        0.0        0.0       
            .500000000 0.0        0.0        0.0       
 501187234. .500000000 0.0        0.0        0.0       
            .500000000 0.0        0.0        0.0       
 524807460. .500000000 0.0        0.0        0.0       
            .500000000 0.0        0.0        0.0       
 549540874. .500000000 0.0        0.0        0.0       
            .500000000 0.0        0.0        0.0       
 575439937. .500000000 0.0        0.0        0.0       
            .500000000 0.0        0.0        0.0       
 602559586. .500000000 0.0        0.0        0.0       
            .500000000 0.0        0.0        0.0       
 630957344. .500000000 0.0        0.0        0.0       
            .500000000 0.0        0.0        0.0       
 660693448. .500000000 0.0        0.0        0.0       
            .500000000 0.0        0.0        0.0       
 691830971. .500000000 0.0        0.0        0.0       
            .500000000 0.0        0.0        0.0       
 724435960. .500000000 0.0        0.0        0.0       
            .500000000 0.0        0.0        0.0       
 758577575. .500000000 0.0        0.0        0.0       
            .500000000 0.0        0.0        0.0       
 794328235. .500000000 0.0        0.0        0.0       
            .500000000 0.0        0.0        0.0       
 831763771. .500000000 0.0        0.0        0.0       
            .500000000 0.0        0.0        0.0       
 870963590. .500000000 0.0        0.0        0.0       
            .500000000 0.0        0.0        0.0       
 912010839. .500000000 0.0        0.0        0.0       
            .500000000 0.0        0.0        0.0       
 954992586. .500000000 0.0        0.0        0.0       
            .500000000 0.0        0.0        0.0       
 1.00000E+9
